location_id	replicate [1/2]	depth [cm]	volumetric water content [cm3/cm3]	BD[g/cm3]
101	1	0	0.3363	0.5577
101	2	0	0.3899	0.5878
101	1	5	0.4679	0.917
101	2	5	0.3787	0.8014
101	1	10	0.5222	1.1468
101	2	10	0.4932	1.1035
101	1	15	0.6836	1.3412
101	2	15	0.4388	0.8743
101	1	20	0.579	0.7455
101	2	20	0.6161	0.7927
101	1	25	0.6047	0.7299
101	2	25	0.6216	0.7443
101	1	30	0.7102	0.4236
101	2	30	0.7354	0.389
106	1	0	0.467	0.6369
106	2	0	0.4349	0.8284
106	1	5	0.5297	0.7252
106	2	5	0.5804	0.7193
106	1	10	0.4986	0.8229
106	2	10	0.5443	0.952
106	1	15	0.4737	1.059
106	2	15	0.5185	1.0422
106	1	20	0.5605	1.2066
106	2	20	0.5415	1.246
106	1	25	0.5155	1.2149
106	2	25	0.5211	1.2444
111	1	0	0.2261	0.7208
111	2	0	0.2585	0.7808
111	1	5	0.2635	1.0684
111	2	5	0.3414	1.0508
111	1	10	0.3318	1.096
111	2	10	0.3536	1.2303
111	1	15	0.3932	1.3595
111	2	15	0.4031	1.4099
111	1	20	0.3806	1.3459
111	2	20	0.386	1.4241
111	1	25	0.3973	1.4864
111	2	25	0.3621	1.3296
116	1	0	0.3733	0.8722
116	2	0	0.2864	0.6478
116	1	5	0.2566	1.1163
116	2	5	0.3636	1.1688
116	1	10	0.3397	1.3969
116	2	10	0.3654	1.4578
116	1	15	0.3441	1.4409
116	2	15	0.3032	1.3847
116	1	20	0.3705	1.5115
116	2	20	0.3755	1.5396
116	1	25	0.3715	1.5516
116	2	25	0.3728	1.5151
126	1	0	0.3101	0.66
126	2	0	0.3659	0.7601
126	1	5	0.4069	0.8845
126	2	5	0.4334	0.9416
126	1	10	0.3922	0.8265
126	2	10	0.4742	0.9694
126	1	15	0.4544	0.7759
126	2	15	0.492	0.9098
126	1	20	0.4972	0.8565
126	2	20	0.5543	0.8414
126	1	25	0.6883	0.5442
126	2	25	0.6549	0.5214
131	1	0	0.2935	0.6303
131	2	0	0.4052	0.8626
131	1	5	0.4435	0.9538
131	2	5	0.3999	0.9399
131	1	10	0.436	1.0888
131	2	10	0.4178	1.1127
131	1	15	0.5019	1.0977
131	2	15	0.4814	1.1675
131	1	20	0.5383	1.0681
131	2	20	0.5655	1.0667
131	1	25	0.559	0.988
131	2	25	0.5948	0.975
136	1	0	0.322	1.2153
136	2	0	0.2898	0.9769
136	1	5	0.3056	1.288
136	2	5	0.3126	1.2807
136	1	10	0.3594	1.245
136	2	10	0.3304	1.3109
136	1	15	0.324	1.4111
136	2	15	0.3166	1.5083
136	1	20	0.3353	1.4891
136	2	20	0.3035	1.5493
136	1	25	0.3283	1.4954
136	2	25	0.2803	1.4136
209	1	0	0.4282	0.2452
209	2	0	0.5724	0.2813
209	1	5	0.7423	0.3199
209	2	5	0.7137	0.3005
209	1	10	0.7918	0.2075
209	2	10	0.7931	0.2697
209	1	15	0.7933	0.1479
209	2	15	0.8466	0.1476
209	1	20	0.8126	0.1326
209	2	20	0.8462	0.1259
209	1	25	0.8543	0.116
209	2	25	0.7787	0.1059
218	1	0	0.2513	0.428
218	2	0	0.3142	0.6123
218	1	5	0.1991	1.1807
218	2	5	0.2181	1.3673
218	1	10	0.2288	1.3231
218	2	10	0.2565	1.3099
218	1	15	0.24	1.5675
218	2	15	0.2743	1.4851
218	1	20	0.2487	1.5024
218	2	20	0.2689	1.4596
218	1	25	0.2536	1.3731
218	2	25	0.2745	1.4264
223	1	0	0.5442	0.5619
223	2	0	0.2038	0.7024
223	1	5	0.4744	1.0544
223	2	5	0.495	0.9276
223	1	10	0.476	1.2977
223	2	10	0.4625	1.3299
223	1	15	0.5167	1.4321
223	2	15	0.4997	1.3203
223	1	20	0.5044	1.2715
223	2	20	0.4989	1.2965
223	1	25	0.5154	1.2461
223	2	25	0.4945	1.2963
232	1	0	0.6833	0.6367
232	2	0	0.6719	0.625
232	1	5	0.551	1.1322
232	2	5	0.5973	0.8194
232	1	10	0.4239	1.5121
232	2	10	0.3122	1.5272
232	1	15	0.3485	1.6968
232	2	15	0.3796	1.6162
232	1	20	0.3845	1.612
232	2	20	0.3875	1.6489
232	1	25	0.4633	1.4444
232	2	25	0.4484	1.4458
301	1	0	0.3257	1.0563
301	2	0	0.2985	1.336
301	1	5	0.2777	1.6427
301	2	5	0.284	1.8889
301	1	10	0.2815	1.6635
301	2	10	0.2733	1.5523
301	1	15	0.3296	1.7158
301	2	15	0.2974	1.7806
301	1	20	0.2984	1.5328
301	2	20	0.3086	1.5709
301	1	25	0.3219	1.7907
301	2	25	0.3479	1.6486
301	1	30	0.3482	1.7196
301	2	30	0.2863	1.9223
306	1	0	0.4801	1.0001
306	2	0	0.3642	1.1064
306	1	8	0.3228	1.1207
306	2	8	0.3454	1.3881
306	1	12	0.1876	1.3046
306	2	12	0.155	1.3343
306	1	18	0.221	1.5611
306	2	18	0.219	1.5215
306	1	23	0.2928	1.6041
306	2	23	0.2744	1.5235
306	1	28	0.3456	1.5221
306	2	28	0.3424	1.5649
317	1	0	0.1898	0.2765
317	2	0	0.2678	0.3951
317	1	5	0.201	0.9944
317	2	5	0.198	1.2027
317	1	15	0.1924	0.9049
317	2	15	0.2512	1.236
317	1	17	0.2736	1.2378
317	2	17	0.2246	1.1343
317	1	25	0.3121	1.3782
317	2	25	0.3534	1.3412
317	1	30	0.3988	1.3192
317	2	30	0.4329	1.4231
324	1	0	0.4246	0.7497
324	2	0	0.3998	0.7568
324	1	5	0.3741	0.8022
324	2	5	0.4488	0.9787
324	1	10	0.5102	1.0201
324	2	10	0.497	0.9733
324	1	15	0.5451	1.1236
324	2	15	0.5391	1.2079
324	1	22	0.5344	1.1583
324	2	22	0.5688	1.1761
324	1	28	0.4852	1.3568
324	2	28	0.3812	1.3397
335	1	0	0.5506	0.4477
335	2	0	0.5379	0.3884
335	1	7	0.5197	0.4419
335	2	7	0.6352	0.6195
335	1	11	0.6165	0.6908
335	2	11	0.6561	0.7659
335	1	16	0.6594	0.8477
335	2	16	0.6365	0.8278
335	1	22	0.613	0.7197
335	2	22	0.6653	0.7552
335	1	30	0.7218	0.5511
335	2	30	0.7096	0.5968
340	1	0	0.3883	0.7449
340	2	0	0.3972	0.7361
340	1	6	0.404	1.3072
340	2	6	0.4022	1.2624
340	1	12	0.3421	1.5766
340	2	12	0.3388	1.5105
340	1	20	0.3648	1.5963
340	2	20	0.3406	1.5969
340	1	25	0.4222	1.5425
340	2	25	0.4381	1.5425
340	1	30	0.4351	1.4429
340	2	30	0.4401	1.4533
345	1	0	0.5572	0.9014
345	2	0	0.4583	0.6165
345	1	7	0.7883	0.6275
345	2	7	0.5044	0.9315
345	1	12	0.4747	1.0051
345	2	12	0.4684	1.0514
345	1	16	0.432	1.2664
345	2	16	0.4347	1.2465
345	1	20	0.402	1.306
345	2	20	0.3991	1.3679
345	1	26	0.4106	1.4491
345	2	26	0.3645	1.5067
345	1	32	0.3776	1.5555
345	2	32	0.3858	1.5279
356	1	0	0.4174	0.2917
356	2	0	0.4765	0.3761
356	1	5	0.9319	0.1835
356	2	5	0.5902	0.5069
356	1	10	0.5949	0.4237
356	2	10	0.6942	0.4447
356	1	15	0.7301	0.3417
356	2	15	0.7479	0.4118
356	1	20	0.7883	0.4238
356	2	20	0.7731	0.4202
356	1	25	0.7547	0.3048
356	2	25	0.7895	0.3217
356	1	30	0.8106	0.2123
356	2	30	0.7934	0.2443
401	1	0	0.1692	0.3813
401	2	0	0.2476	0.636
401	1	5	0.346	1.0075
401	2	5	0.2562	0.8305
401	1	10	0.413	1.3251
401	2	10	0.3378	1.0108
401	1	15	0.4027	1.1827
401	2	15	0.4022	1.2469
401	1	20		1.1468
401	2	20	0.4412	1.2198
401	1	25	0.3412	0.8504
401	2	25	0.4575	1.09
408	1	0	0.2563	0.9503
408	2	0	0.3495	1.2343
408	1	5	0.3753	1.1317
408	2	5	0.3111	1.0978
408	1	10	0.4102	1.3079
408	2	10	0.387	1.2968
408	1	15	0.3169	0.9366
408	2	15	0.3819	1.1498
408	1	20	0.3525	1.1004
408	2	20	0.3518	1.0699
408	1	25	0.3928	1.3291
408	2	25	0.3452	1.1573
419	1	0	0.3176	1.5385
419	2	0	0.2333	1.4207
419	1	5	0.2927	1.35
419	2	5	0.3276	1.5072
419	1	10	0.2851	1.1279
419	2	10	0.283	1.1159
419	1	15	0.3309	1.347
419	2	15	0.2444	0.9609
419	1	20	0.3367	1.187
419	2	20	0.3442	1.3631
419	1	25	0.3837	1.4716
419	2	25	0.3193	1.2462
419	1	30	0.3593	1.4764
419	2	30	0.3576	1.4099
424	1	0	0.2587	0.9324
424	2	0	0.23	0.9983
424	1	5	0.3387	1.0885
424	2	5	0.3264	1.1846
424	1	10	0.35	1.253
424	2	10	0.3554	1.3641
424	1	15	0.3059	1.2079
424	2	15	0.2535	1.1625
424	0	20	0.4508	1.0581
424	2	20	0.1451	1.2035
424	1	25	0.3339	1.2256
424	2	25	0.311	1.3358

