location_id	depth_of_hole[cm]	FDR_reading1[mV]	FDR_reading2[mV]	FDR_reading3[mV]	time	device	remarks	V_corr1[V]	V_corr2[V]	V_corr3[V]	epsilon1	epsilon2	epsilon3	theta_1[cm3/cm3]	theta_2[cm3/cm3]	theta_3[cm3/cm3]	theta_mean[cm3/cm3]
102	5	655	595	476	2019-06-25T10:30Z	320/060		0.769	0.697	0.554	14.723	12.976	10.069	0.456	0.439	0.402	0.432
102	10				2019-06-25T10:30Z	320/060											
102	15	656	730	750	2019-06-25T10:30Z	320/060		0.770	0.860	0.884	14.754	17.304	18.086	0.416	0.433	0.438	0.429
102	20	632	824	654	2019-06-25T10:30Z	320/060		0.742	0.973	0.768	14.025	21.416	14.691	0.465	0.519	0.472	0.485
102	25	715	830	778	2019-06-25T10:30Z	320/060		0.841	0.980	0.917	16.746	21.720	19.260	0.495	0.527	0.513	0.512
102	30	760	888	858	2019-06-25T10:30Z	320/060		0.896	1.050	1.014	18.495	24.976	23.217	0.584	0.632	0.621	0.613
103	5	402	501	600	2019-06-25T10:35Z	320/060		0.465	0.584	0.703	8.491	10.634	13.113	0.374	0.410	0.440	0.408
103	10	393	352	413	2019-06-25T10:30Z	320/060		0.454	0.405	0.478	8.306	7.479	8.718	0.336	0.319	0.344	0.333
103	15	477	434	442	2019-06-25T10:30Z	320/060		0.555	0.503	0.513	10.091	9.159	9.329	0.368	0.354	0.357	0.360
103	20	464	437	513	2019-06-25T10:30Z	320/060		0.539	0.507	0.598	9.805	9.222	10.913	0.410	0.400	0.428	0.413
103	25	606	794	513	2019-06-25T10:30Z	320/060		0.710	0.937	0.598	13.279	19.976	10.913	0.463	0.517	0.433	0.471
103	30	857	794	759	2019-06-25T10:30Z	320/060		1.012	0.937	0.894	23.161	19.976	18.453	0.621	0.597	0.584	0.601
104	5	266	497	436	2019-06-25T10:40Z	320/060		0.301	0.579	0.506	5.799	10.543	9.201	0.300	0.409	0.387	0.365
104	10	469	381	423	2019-06-25T10:40Z	320/060		0.545	0.439	0.490	9.914	8.062	8.927	0.362	0.331	0.347	0.347
104	15	766	801	794	2019-06-25T10:40Z	320/060		0.903	0.945	0.937	18.745	20.300	19.976	0.441	0.449	0.447	0.446
104	20	757	770	784	2019-06-25T10:40Z	320/060		0.892	0.908	0.925	18.371	18.915	19.525	0.501	0.504	0.508	0.504
104	25	795	894	866	2019-06-25T10:40Z	320/060		0.938	1.057	1.023	20.022	25.348	23.670	0.518	0.545	0.537	0.533
104	30	929	901	933	2019-06-25T10:40Z	320/060		1.099	1.065	1.104	27.672	25.792	27.955	0.648	0.637	0.649	0.645
105	5	610	690	589	2019-06-25T10:50Z	320/060		0.715	0.811	0.690	13.391	15.864	12.814	0.443	0.465	0.437	0.449
105	10	664	672	777	2019-06-25T10:50Z	320/060		0.780	0.790	0.916	15.006	15.264	19.217	0.414	0.415	0.438	0.422
105	15	855	818	683	2019-06-25T10:50Z	320/060		1.010	0.965	0.803	23.050	21.117	15.627	0.460	0.452	0.423	0.445
105	20	864	946	921	2019-06-25T10:50Z	320/060		1.021	1.120	1.089	23.555	28.900	27.117	0.529	0.550	0.544	0.541
105	25	901	960	967	2019-06-25T10:50Z	320/060		1.065	1.136	1.145	25.792	29.965	30.516	0.546	0.562	0.564	0.557
105	30	1006	1048	1019	2019-06-25T10:50Z	320/060		1.192	1.242	1.207	33.831	37.919	35.036	0.676	0.691	0.681	0.683
107	5	788	743	748	2019-06-25T11:45Z	320/060		0.929	0.875	0.881	19.704	17.808	18.006	0.519	0.506	0.508	0.511
107	10	645	808	770	2019-06-25T11:45Z	320/060		0.757	0.953	0.908	14.414	20.631	18.915	0.448	0.490	0.480	0.473
107	15	756	885	846	2019-06-25T11:45Z	320/060		0.891	1.046	0.999	18.330	24.792	22.559	0.447	0.474	0.466	0.462
107	20	920	914	900	2019-06-25T11:45Z	320/060		1.088	1.081	1.064	27.049	26.644	25.728	0.448	0.447	0.444	0.446
107	25	886	875	929	2019-06-25T11:45Z	320/060		1.047	1.034	1.099	24.853	24.193	27.672	0.441	0.439	0.449	0.443
107	32	910	922	921	2019-06-25T11:45Z	320/060		1.076	1.091	1.089	26.378	27.186	27.117				
108	5	790	725	793	2019-06-25T11:55Z	320/060		0.932	0.854	0.935	19.794	17.115	19.930	0.520	0.501	0.520	0.514
108	10	791	868	824	2019-06-25T11:55Z	320/060		0.933	1.026	0.973	19.839	23.785	21.416	0.486	0.504	0.494	0.494
108	15	657	701	639	2019-06-25T11:55Z	320/060		0.772	0.825	0.750	14.785	16.245	14.233	0.424	0.434	0.420	0.426
108	20	833	854	829	2019-06-25T11:55Z	320/060		0.984	1.009	0.979	21.874	22.995	21.669	0.432	0.436	0.431	0.433
108	25	826	846	833	2019-06-25T11:55Z	320/060		0.975	0.999	0.984	21.516	22.559	21.874	0.430	0.434	0.431	0.432
108	30	820	819	854	2019-06-25T11:55Z	320/060		0.968	0.967	1.009	21.216	21.166	22.995				
109	5	782	713	738	2019-06-25T12:05Z	320/060		0.922	0.839	0.869	19.436	16.673	17.612	0.517	0.498	0.505	0.507
109	12	819	882	852	2019-06-25T12:05Z	320/060		0.967	1.042	1.006	21.166	24.610	22.885	0.492	0.507	0.500	0.500
109	15	900	852	821	2019-06-25T12:05Z	320/060		1.064	1.006	0.969	25.728	22.885	21.266	0.477	0.467	0.461	0.468
109	20	841	910	919	2019-06-25T12:05Z	320/060		0.993	1.076	1.087	22.292	26.378	26.981	0.433	0.446	0.447	0.442
109	25	850	847	898	2019-06-25T12:05Z	320/060		1.004	1.000	1.062	22.776	22.613	25.601	0.434	0.434	0.443	0.437
109	30	829	886	868	2019-06-25T12:05Z	320/060		0.979	1.047	1.026	21.669	24.853	23.785				
110	5	783	815	807	2019-06-25T12:10Z	320/060		0.923	0.962	0.952	19.480	20.970	20.584	0.518	0.527	0.524	0.523
110	12	861	847	863	2019-06-25T12:10Z	320/060		1.017	1.000	1.020	23.385	22.613	23.499	0.502	0.499	0.503	0.502
110	15	704	754	855	2019-06-25T12:10Z	320/060		0.828	0.888	1.010	16.350	18.248	23.050	0.435	0.446	0.468	0.450
110	20	904	863	714	2019-06-25T12:10Z	320/060		1.069	1.020	0.840	25.986	23.499	16.709	0.445	0.437	0.409	0.430
110	25	915	808	926	2019-06-25T12:10Z	320/060		1.082	0.953	1.095	26.711	20.631	27.462	0.446	0.427	0.448	0.440
110	30	929	929	896	2019-06-25T12:10Z	320/060		1.099	1.099	1.059	27.672	27.672	25.474				
112	5	506	514	423	2019-06-25T13:15Z	320/060		0.590	0.600	0.490	10.750	10.936	8.927	0.383	0.385	0.356	0.374
112	10	622	555	521	2019-06-25T13:15Z	320/060		0.730	0.649	0.608	13.733	11.931	11.101	0.398	0.382	0.373	0.384
112	15	562	559	636	2019-06-25T13:15Z	320/060		0.657	0.654	0.746	12.108	12.032	14.143	0.353	0.352	0.369	0.358
112	20	544	650	595	2019-06-25T13:15Z	320/060		0.636	0.763	0.697	11.657	14.567	12.976	0.349	0.372	0.360	0.360
112	25	742	748	634	2019-06-25T13:15Z	320/060		0.874	0.881	0.744	17.768	18.006	14.084	0.387	0.388	0.366	0.380
112	30	683	693	734	2019-06-25T13:15Z	320/060		0.803	0.815	0.864	15.627	15.967	17.457				
113	5	484	528	550	2019-06-25T13:20Z	320/060		0.563	0.616	0.643	10.248	11.268	11.806	0.376	0.389	0.395	0.387
113	10	580	603	610	2019-06-25T13:20Z	320/060		0.679	0.707	0.715	12.575	13.196	13.391	0.388	0.394	0.395	0.392
113	15	544	613	531	2019-06-25T13:20Z	320/060		0.636	0.719	0.620	11.657	13.476	11.340	0.349	0.364	0.346	0.353
113	20	592	576	571	2019-06-25T13:20Z	320/060		0.693	0.674	0.668	12.895	12.469	12.339	0.360	0.356	0.355	0.357
113	25	589	561	538	2019-06-25T13:20Z	320/060		0.690	0.656	0.628	12.814	12.083	11.510	0.356	0.350	0.344	0.350
113	30	636	575	568	2019-06-25T13:20Z	320/060		0.746	0.673	0.665	14.143	12.443	12.262				
114	5	623	643	557	2019-06-25T13:25Z	320/060		0.731	0.755	0.651	13.762	14.354	11.981	0.414	0.419	0.397	0.410
114	10	686	653	662	2019-06-25T13:25Z	320/060		0.807	0.767	0.778	15.728	14.660	14.943	0.413	0.405	0.407	0.408
114	15	733	534	718	2019-06-25T13:25Z	320/060		0.863	0.624	0.845	17.419	11.413	16.855	0.388	0.346	0.385	0.373
114	20	683	735	678	2019-06-25T13:25Z	320/060		0.803	0.866	0.797	15.627	17.496	15.461	0.379	0.389	0.378	0.382
114	25	658	769	657	2019-06-25T13:25Z	320/060		0.773	0.906	0.772	14.816	18.872	14.785	0.371	0.391	0.370	0.377
114	30	752	726	752	2019-06-25T13:25Z	320/060		0.886	0.855	0.886	18.167	17.153	18.167				
115	5	423	436	618	2019-06-25T13:35Z	320/060		0.490	0.506	0.725	8.927	9.201	13.618	0.356	0.360	0.413	0.376
115	10	488	489	422	2019-06-25T13:35Z	320/060		0.568	0.569	0.489	10.338	10.361	8.906	0.363	0.364	0.342	0.356
115	15	532	655	701	2019-06-25T13:35Z	320/060		0.621	0.769	0.825	11.364	14.723	16.245	0.346	0.373	0.382	0.367
115	20	672	700	740	2019-06-25T13:35Z	320/060		0.790	0.823	0.872	15.264	16.209	17.690	0.376	0.382	0.389	0.383
115	25	630	662	586	2019-06-25T13:35Z	320/060		0.739	0.778	0.686	13.966	14.943	12.734	0.365	0.371	0.355	0.364
115	30	765	756	775	2019-06-25T13:35Z	320/060		0.902	0.891	0.914	18.703	18.330	19.130				
117	5	557	664	628	2019-06-25T16:00Z	320/060		0.651	0.780	0.737	11.981	15.006	13.907	0.385	0.411	0.403	0.400
117	10	797	759	749	2019-06-25T16:00Z	320/060		0.940	0.894	0.882	20.114	18.453	18.046	0.393	0.387	0.385	0.388
117	15	628	683	698	2019-06-25T16:00Z	320/060		0.737	0.803	0.821	13.907	15.627	16.140	0.364	0.375	0.377	0.372
117	20	588	629	718	2019-06-25T16:00Z	320/060		0.689	0.738	0.845	12.787	13.936	16.855	0.340	0.349	0.365	0.351
117	25	692	609	623	2019-06-25T16:00Z	320/060		0.814	0.714	0.731	15.932	13.363	13.762	0.360	0.344	0.347	0.350
117	30	648	687	635	2019-06-25T16:00Z	320/060		0.761	0.808	0.745	14.506	15.762	14.113				
118	5	463	445	472	2019-06-25T16:05Z	320/060		0.538	0.516	0.549	9.783	9.393	9.981	0.358	0.352	0.361	0.357
118	10	397	484	439	2019-06-25T16:05Z	320/060		0.459	0.563	0.509	8.388	10.248	9.265	0.301	0.328	0.315	0.315
118	15	445	552	515	2019-06-25T16:05Z	320/060		0.516	0.645	0.601	9.393	11.856	10.960	0.318	0.347	0.338	0.334
118	20	400	458	479	2019-06-25T16:05Z	320/060		0.462	0.532	0.557	8.449	9.674	10.136	0.290	0.309	0.315	0.305
118	25	563	562	512	2019-06-25T16:05Z	320/060		0.659	0.657	0.597	12.134	12.108	10.889	0.334	0.334	0.322	0.330
118	30	551	443	586	2019-06-25T16:05Z	320/060		0.644	0.514	0.686	11.831	9.350	12.734				
119	5	545	515	501	2019-06-25T16:10Z	320/060		0.637	0.601	0.584	11.682	10.960	10.634	0.382	0.374	0.370	0.375
119	10	551	482	527	2019-06-25T16:10Z	320/060		0.644	0.561	0.615	11.831	10.203	11.244	0.345	0.327	0.339	0.337
119	15	510	508	569	2019-06-25T16:10Z	320/060		0.595	0.592	0.666	10.843	10.796	12.288	0.337	0.336	0.351	0.341
119	20	472	568	608	2019-06-25T16:10Z	320/060		0.549	0.665	0.713	9.981	12.262	13.335	0.313	0.336	0.344	0.331
119	25	500	579	591	2019-06-25T16:10Z	320/060		0.583	0.678	0.692	10.611	12.548	12.868	0.319	0.337	0.340	0.332
119	30	618	537	517	2019-06-25T16:10Z	320/060		0.725	0.627	0.603	13.618	11.486	11.007				
120	5	706	543	609	2019-06-25T16:15Z	320/060		0.831	0.634	0.714	16.421	11.633	13.363	0.420	0.381	0.398	0.400
120	10	554	495	547	2019-06-25T16:15Z	320/060		0.648	0.577	0.639	11.906	10.497	11.731	0.345	0.331	0.344	0.340
120	15	499	476	609	2019-06-25T16:15Z	320/060		0.581	0.554	0.714	10.588	10.069	13.363	0.334	0.328	0.360	0.340
120	20	517	554	593	2019-06-25T16:15Z	320/060		0.603	0.648	0.695	11.007	11.906	12.922	0.324	0.333	0.341	0.333
120	25	530	602	483	2019-06-25T16:15Z	320/060		0.619	0.705	0.562	11.316	13.168	10.226	0.326	0.342	0.315	0.328
120	30	544	599	682	2019-06-25T16:15Z	320/060		0.636	0.702	0.802	11.657	13.086	15.594				
121	5	491	506	495	2019-06-25T16:30Z	320/060		0.572	0.590	0.577	10.406	10.750	10.497	0.367	0.371	0.368	0.369
121	10	611	513	529	2019-06-25T16:30Z	320/060		0.716	0.598	0.618	13.419	10.913	11.292	0.358	0.336	0.340	0.344
121	15	562	640	629	2019-06-25T16:30Z	320/060		0.657	0.751	0.738	12.108	14.263	13.936	0.349	0.366	0.364	0.360
121	20	630	659	625	2019-06-25T16:30Z	320/060		0.739	0.774	0.733	13.966	14.848	13.820	0.349	0.355	0.348	0.350
121	25	607	630	662	2019-06-25T16:30Z	320/060		0.711	0.739	0.778	13.307	13.966	14.943	0.343	0.348	0.354	0.348
121	30	623	587	649	2019-06-25T16:30Z	320/060		0.731	0.687	0.762	13.762	12.761	14.537				
122	5	533	507	513	2019-06-25T16:45Z	320/060		0.622	0.591	0.598	11.389	10.773	10.913	0.390	0.383	0.385	0.386
122	10	583	523	546	2019-06-25T16:45Z	320/060		0.683	0.610	0.638	12.654	11.149	11.707	0.389	0.373	0.379	0.380
122	15	610	529	489	2019-06-25T16:45Z	320/060		0.715	0.618	0.569	13.391	11.292	10.361	0.364	0.345	0.335	0.348
122	20	531	556	575	2019-06-25T16:45Z	320/060		0.620	0.650	0.673	11.340	11.956	12.443	0.345	0.352	0.356	0.351
122	25	554	570	561	2019-06-25T16:45Z	320/060		0.648	0.667	0.656	11.906	12.313	12.083	0.348	0.352	0.350	0.350
122	30	490	634	486	2019-06-25T16:45Z	320/060		0.571	0.744	0.566	10.383	14.084	10.293				
123	5	560	537	597	2019-06-25T17:05Z	320/060		0.655	0.627	0.699	12.057	11.486	13.031	0.398	0.392	0.408	0.399
123	10	479	539	547	2019-06-25T17:05Z	320/060		0.557	0.630	0.639	10.136	11.534	11.731	0.361	0.378	0.380	0.373
123	15	344	332	309	2019-06-25T17:05Z	320/060		0.395	0.380	0.353	7.320	7.083	6.632	0.285	0.279	0.267	0.277
123	20	378	477	488	2019-06-25T17:05Z	320/060		0.436	0.555	0.568	8.001	10.091	10.338	0.299	0.331	0.334	0.321
123	25	439	375	436	2019-06-25T17:05Z	320/060		0.509	0.432	0.506	9.265	7.940	9.201	0.317	0.295	0.316	0.310
123	30				2019-06-25T17:05Z	320/060											
124	5	441	337	382	2019-06-25T17:20Z	320/060		0.512	0.386	0.441	9.308	7.182	8.082	0.362	0.319	0.340	0.340
124	10	510	560	525	2019-06-25T17:20Z	320/060		0.595	0.655	0.613	10.843	12.057	11.196	0.370	0.383	0.374	0.375
124	15	539	504	516	2019-06-25T17:20Z	320/060		0.630	0.587	0.602	11.534	10.703	10.983	0.347	0.339	0.342	0.343
124	20	454	431	425	2019-06-25T17:20Z	320/060		0.527	0.500	0.492	9.587	9.095	8.969	0.325	0.317	0.316	0.319
124	25	502	490	541	2019-06-25T17:20Z	320/060		0.585	0.571	0.632	10.657	10.383	11.583	0.335	0.332	0.345	0.337
124	30	494	677	690	2019-06-25T17:20Z	320/060		0.575	0.796	0.811	10.474	15.428	15.864				
125	7	663	671	650	2019-06-25T17:30Z	320/060		0.779	0.789	0.763	14.975	15.232	14.567	0.483	0.485	0.479	0.482
125	10	615	592	639	2019-06-25T17:30Z	320/060		0.721	0.693	0.750	13.532	12.895	14.233	0.440	0.434	0.447	0.440
125	15	690	602	602	2019-06-25T17:30Z	320/060		0.811	0.705	0.705	15.864	13.168	13.168	0.432	0.410	0.410	0.417
125	20	661	619	573	2019-06-25T17:30Z	320/060		0.776	0.726	0.671	14.911	13.646	12.391	0.397	0.388	0.377	0.388
125	25	887	666	662	2019-06-25T17:30Z	320/060		1.049	0.782	0.778	24.914	15.070	14.943	0.441	0.398	0.397	0.412
125	30	745	647	708	2019-06-25T17:30Z	320/060		0.878	0.760	0.833	17.887	14.475	16.493				
127	5	589	560	507	2019-06-26T10:15Z	320/060		0.690	0.655	0.591	12.814	12.057	10.773	0.428	0.420	0.404	0.418
127	10	692	646	677	2019-06-26T10:15Z	320/060		0.814	0.758	0.796	15.932	14.445	15.428	0.459	0.447	0.455	0.453
127	15	738	689	700	2019-06-26T10:15Z	320/060		0.869	0.810	0.823	17.612	15.830	16.209	0.481	0.468	0.471	0.473
127	20	748	728	810	2019-06-26T10:15Z	320/060		0.881	0.857	0.956	18.006	17.228	20.727	0.482	0.477	0.498	0.486
127	25	744	707	791	2019-06-26T10:15Z	320/060		0.876	0.832	0.933	17.847	16.457	19.839	0.548	0.535	0.564	0.549
127	30	808	826	836	2019-06-26T10:15Z	320/060		0.953	0.975	0.987	20.631	21.516	22.030				
128	5	535	521	543	2019-06-26T10:20Z	320/060		0.625	0.608	0.634	11.437	11.101	11.633	0.413	0.408	0.415	0.412
128	10	670	683	646	2019-06-26T10:20Z	320/060		0.787	0.803	0.758	15.199	15.627	14.445	0.453	0.456	0.447	0.452
128	15	613	643	738	2019-06-26T10:20Z	320/060		0.719	0.755	0.869	13.476	14.354	17.612	0.447	0.455	0.481	0.461
128	20	714	782	740	2019-06-26T10:20Z	320/060		0.840	0.922	0.872	16.709	19.436	17.690	0.473	0.491	0.480	0.481
128	25	828	813	863	2019-06-26T10:20Z	320/060		0.977	0.959	1.020	21.618	20.872	23.499	0.576	0.571	0.588	0.578
128	30	937	936	934	2019-06-26T10:20Z	320/060		1.109	1.107	1.105	28.242	28.170	28.026				
129	5	666	521	559	2019-06-26T10:30Z	320/060		0.782	0.608	0.654	15.070	11.101	12.032	0.449	0.408	0.420	0.426
129	10	429	656	758	2019-06-26T10:30Z	320/060		0.497	0.770	0.893	9.053	14.754	18.412	0.379	0.449	0.475	0.435
129	15	623	650	653	2019-06-26T10:30Z	320/060		0.731	0.763	0.767	13.762	14.567	14.660	0.450	0.457	0.458	0.455
129	20	769	750	796	2019-06-26T10:30Z	320/060		0.906	0.884	0.939	18.872	18.086	20.068	0.488	0.483	0.494	0.488
129	25	936	941	925	2019-06-26T10:30Z	320/060		1.107	1.114	1.094	28.170	28.532	27.393	0.611	0.613	0.608	0.611
129	35	968	968	942	2019-06-26T10:30Z	320/060		1.146	1.146	1.115	30.596	30.596	28.605				
130	5	591	549	615	2019-06-26T10:35Z	320/060		0.692	0.642	0.721	12.868	11.781	13.532	0.429	0.417	0.436	0.427
130	10	524	614	567	2019-06-26T10:35Z	320/060		0.612	0.720	0.663	11.173	13.504	12.236	0.412	0.438	0.425	0.425
130	15	447	613	708	2019-06-26T10:35Z	320/060		0.519	0.719	0.833	9.436	13.476	16.493	0.394	0.447	0.473	0.438
130	20	637	472	598	2019-06-26T10:35Z	320/060		0.748	0.549	0.701	14.173	9.981	13.058	0.453	0.402	0.441	0.432
130	25	891	860	845	2019-06-26T10:35Z	320/060		1.053	1.016	0.998	25.161	23.329	22.505	0.597	0.587	0.582	0.588
130	30	911	931	958	2019-06-26T10:35Z	320/060		1.077	1.101	1.134	26.444	27.813	29.810				
132	5	693	631	656	2019-06-26T11:30Z	320/060		0.815	0.740	0.770	15.967	13.995	14.754	0.450	0.434	0.441	0.442
132	10	496	486	527	2019-06-26T11:30Z	320/060		0.578	0.566	0.615	10.520	10.293	11.244	0.374	0.371	0.383	0.376
132	15	666	647	532	2019-06-26T11:30Z	320/060		0.782	0.760	0.621	15.070	14.475	11.364	0.413	0.409	0.380	0.400
132	20	661	673	684	2019-06-26T11:30Z	320/060		0.776	0.791	0.804	14.911	15.297	15.661	0.422	0.425	0.427	0.425
132	25	678	814	802	2019-06-26T11:30Z	320/060		0.797	0.961	0.946	15.461	20.921	20.347	0.440	0.472	0.470	0.461
132	30	836	875	835	2019-06-26T11:30Z	320/060		0.987	1.034	0.986	22.030	24.193	21.978				
133	5	738	730	718	2019-06-26T11:40Z	320/060		0.869	0.860	0.845	17.612	17.304	16.855	0.461	0.459	0.456	0.459
133	10	777	810	781	2019-06-26T11:40Z	320/060		0.916	0.956	0.921	19.217	20.727	19.392	0.442	0.449	0.443	0.445
133	15	658	739	681	2019-06-26T11:40Z	320/060		0.773	0.870	0.801	14.816	17.651	15.561	0.411	0.429	0.416	0.419
133	20	730	691	737	2019-06-26T11:40Z	320/060		0.860	0.813	0.868	17.304	15.898	17.573	0.438	0.429	0.440	0.436
133	25	833	843	865	2019-06-26T11:40Z	320/060		0.984	0.996	1.022	21.874	22.399	23.612	0.477	0.479	0.484	0.480
133	30	836	857	825	2019-06-26T11:40Z	320/060		0.987	1.012	0.974	22.030	23.161	21.466				
134	5	313	245	334	2019-06-26T11:50Z	320/060		0.358	0.276	0.383	6.710	5.396	7.122	0.320	0.275	0.331	0.309
134	10	382	483	340	2019-06-26T11:50Z	320/060		0.441	0.562	0.390	8.082	10.226	7.241	0.335	0.370	0.316	0.340
134	15	446	585	480	2019-06-26T11:50Z	320/060		0.518	0.685	0.559	9.414	12.707	10.158	0.354	0.394	0.365	0.371
134	20	739	504	723	2019-06-26T11:50Z	320/060		0.870	0.587	0.851	17.651	10.703	17.041	0.440	0.381	0.436	0.419
134	25	763	468	787	2019-06-26T11:50Z	320/060		0.899	0.544	0.928	18.620	9.892	19.659	0.461	0.382	0.466	0.436
134	30	924	856	834	2019-06-26T11:50Z	320/060		1.093	1.011	0.985	27.324	23.106	21.926				
135	5	621	597	565	2019-06-26T12:00Z	320/060		0.728	0.699	0.661	13.704	13.031	12.185	0.432	0.425	0.416	0.424
135	10	555	622	569	2019-06-26T12:00Z	320/060		0.649	0.730	0.666	11.931	13.733	12.288	0.391	0.408	0.394	0.397
135	15	588	688	624	2019-06-26T12:00Z	320/060		0.689	0.809	0.732	12.787	15.796	13.790	0.394	0.418	0.403	0.405
135	20	603	718	714	2019-06-26T12:00Z	320/060		0.707	0.845	0.840	13.196	16.855	16.709	0.408	0.435	0.434	0.426
135	25	757	758	804	2019-06-26T12:00Z	320/060		0.892	0.893	0.949	18.371	18.412	20.441	0.459	0.460	0.470	0.463
135	30	871	796	858	2019-06-26T12:00Z	320/060		1.029	0.939	1.014	23.959	20.068	23.217				
137	5	653	560	536	2019-06-26T16:45Z	320/060		0.767	0.655	0.626	14.660	12.057	11.461	0.387	0.366	0.360	0.371
137	10	539	452	551	2019-06-26T16:45Z	320/060		0.630	0.525	0.644	11.534	9.544	11.831	0.362	0.337	0.365	0.355
137	15	639	533	567	2019-06-26T16:45Z	320/060		0.750	0.622	0.663	14.233	11.389	12.236	0.360	0.336	0.344	0.347
137	20	338	351	456	2019-06-26T16:45Z	320/060		0.388	0.403	0.530	7.201	7.459	9.630	0.266	0.272	0.309	0.283
137	25	316	520	348	2019-06-26T16:45Z	320/060		0.361	0.607	0.400	6.768	11.078	7.400	0.263	0.334	0.278	0.292
137	30	409	308	363	2019-06-26T16:45Z	320/060		0.473	0.352	0.418	8.635	6.612	7.699				
138	5	625	613	599	2019-06-26T16:50Z	320/060		0.733	0.719	0.702	13.820	13.476	13.086	0.381	0.378	0.375	0.378
138	10	517	396	519	2019-06-26T16:50Z	320/060		0.603	0.457	0.606	11.007	8.367	11.054	0.356	0.318	0.356	0.344
138	15	405	413	508	2019-06-26T16:50Z	320/060		0.468	0.478	0.592	8.552	8.718	10.796	0.300	0.303	0.330	0.311
138	20	523	630	563	2019-06-26T16:50Z	320/060		0.610	0.739	0.659	11.149	13.966	12.134	0.326	0.350	0.336	0.337
138	25	294	499	453	2019-06-26T16:50Z	320/060		0.335	0.581	0.526	6.340	10.588	9.565	0.251	0.329	0.316	0.299
138	30	597	586	562	2019-06-26T16:50Z	320/060		0.699	0.686	0.657	13.031	12.734	12.108				
139	5	529	534	515	2019-06-26T17:00Z	320/060		0.618	0.624	0.601	11.292	11.413	10.960	0.358	0.360	0.355	0.357
139	10	391	406	437	2019-06-26T17:00Z	320/060		0.451	0.470	0.507	8.265	8.573	9.222	0.317	0.322	0.333	0.324
139	15	483	373	443	2019-06-26T17:00Z	320/060		0.562	0.430	0.514	10.226	7.900	9.350	0.324	0.288	0.312	0.308
139	20	476	606	553	2019-06-26T17:00Z	320/060		0.554	0.710	0.646	10.069	13.279	11.881	0.314	0.345	0.334	0.331
139	25	417	477	629	2019-06-26T17:00Z	320/060		0.483	0.555	0.738	8.801	10.091	13.936	0.305	0.323	0.358	0.328
139	30	600	601	554	2019-06-26T17:00Z	320/060		0.703	0.704	0.648	13.113	13.141	11.906				
140	5	408	431	379	2019-06-26T17:10Z	320/060		0.472	0.500	0.437	8.614	9.095	8.021	0.322	0.330	0.311	0.321
140	10	540	470	443	2019-06-26T17:10Z	320/060		0.631	0.547	0.514	11.559	9.936	9.350	0.362	0.343	0.335	0.346
140	15	439	415	409	2019-06-26T17:10Z	320/060		0.509	0.480	0.473	9.265	8.760	8.635	0.311	0.303	0.301	0.305
140	20				2019-06-26T17:10Z	320/060	Verdichteter Horizont 										
140	25				2019-06-26T17:10Z	320/060											
140	30				2019-06-26T17:10Z	320/060											
141	5	344	351	347	2019-06-26T17:20Z	320/060		0.395	0.403	0.398	7.320	7.459	7.380	0.296	0.299	0.298	0.298
141	10	441	490	449	2019-06-26T17:20Z	320/060		0.512	0.571	0.521	9.308	10.383	9.479	0.334	0.349	0.336	0.340
141	15	499	479	478	2019-06-26T17:20Z	320/060		0.581	0.557	0.556	10.588	10.136	10.114	0.328	0.323	0.322	0.324
141	20	575	523	568	2019-06-26T17:20Z	320/060		0.673	0.610	0.665	12.443	11.149	12.262	0.338	0.326	0.337	0.334
141	25	606	527	577	2019-06-26T17:20Z	320/060		0.710	0.615	0.675	13.279	11.244	12.496	0.353	0.336	0.347	0.345
141	30	556	605	581	2019-06-26T17:20Z	320/060		0.650	0.709	0.680	11.956	13.251	12.601				
201	0	1027	1009	1007	2019-06-25T09:30Z	323/006		1.181	1.159	1.156	35.804	34.105	33.922	0.711	0.704	0.703	0.706
201	5	1029	1023	1029	2019-06-25T09:30Z	323/006		1.183	1.175	1.182	35.999	35.417	35.999	0.712	0.710	0.712	0.711
201	9	1067	1080	1086	2019-06-25T09:30Z	323/006		1.227	1.242	1.249	39.966	41.444	42.148	0.688	0.692	0.694	0.691
201	17	1114	1117	1116	2019-06-25T09:30Z	323/006	ab 15 cm organisch/-torfiges Material	1.282	1.285	1.284	45.628	46.020	45.889	0.727	0.728	0.728	0.727
201	21	1118	1121	1121	2019-06-25T09:30Z	323/006		1.287	1.290	1.290	46.152	46.550	46.550	0.710	0.711	0.711	0.710
201	27	1121	1115	1122	2019-06-25T09:30Z	323/006		1.291	1.283	1.291	46.550	45.758	46.684	0.757	0.754	0.757	0.756
201	29	1122	1122	1120	2019-06-25T09:30Z	323/006	FDR nach Messung nass	1.292	1.291	1.288	46.684	46.684	46.417	0.797	0.797	0.796	0.797
202	0	866	842	829	2019-06-25T09:45Z	323/006		0.992	0.963	0.948	23.670	22.345	21.669	0.669	0.658	0.653	0.660
202	6	940	909	890	2019-06-25T09:45Z	323/006		1.079	1.042	1.019	28.459	26.312	25.099	0.684	0.672	0.664	0.673
202	10	1038	1057	1051	2019-06-25T09:45Z	323/006	ab 10 cm organisch/-torfiges Material	1.193	1.215	1.208	36.893	38.873	38.234	0.755	0.764	0.761	0.760
202	15	1114	1115	1111	2019-06-25T09:45Z	323/006		1.282	1.283	1.278	45.628	45.758	45.239	0.835	0.835	0.833	0.834
202	21	1128	1124	1124	2019-06-25T09:45Z	323/006		1.299	1.293	1.293	47.494	46.952	46.952	0.852	0.850	0.850	0.850
202	25	1125	1125	1123	2019-06-25T09:45Z	323/006		1.295	1.294	1.292	47.087	47.087	46.818	0.860	0.860	0.859	0.860
202	28	1129	1130	1129	2019-06-25T09:45Z	323/006	ab 28 cm torfig mit Kohlestücken	1.300	1.300	1.299	47.631	47.768	47.631				
203	0	1095	1096	1095	2019-06-25T09:50Z	323/006		1.260	1.260	1.259	43.231	43.353	43.231	0.769	0.769	0.769	0.769
203	5	1081	1081	1084	2019-06-25T09:50Z	323/006		1.244	1.243	1.246	41.560	41.560	41.912	0.742	0.742	0.743	0.743
203	10	1096	1088	1102	2019-06-25T09:50Z	323/006		1.261	1.251	1.267	43.353	42.386	44.096	0.781	0.777	0.784	0.781
203	14	1121	1115	1117	2019-06-25T09:50Z	323/006		1.291	1.283	1.285	46.550	45.758	46.020	0.838	0.835	0.836	0.836
203	20	1125	1123	1123	2019-06-25T09:50Z	323/006	ab 20 cm torfig/-organsiches Material	1.295	1.292	1.292	47.087	46.818	46.818	0.850	0.849	0.849	0.849
203	25	1127	1127	1127	2019-06-25T09:50Z	323/006		1.298	1.297	1.297	47.358	47.358	47.358	0.861	0.861	0.861	0.861
203	34	1128	1128	1128	2019-06-25T09:50Z	323/006		1.299	1.298	1.298	47.494	47.494	47.494				
204	0	943	938	929	2019-06-25T10:10Z	323/006		1.082	1.076	1.065	28.679	28.314	27.672	0.703	0.701	0.697	0.700
204	6	929	947	923	2019-06-25T10:10Z	323/006		1.066	1.086	1.058	27.672	28.975	27.255	0.680	0.687	0.677	0.682
204	9	947	931	914	2019-06-25T10:10Z	323/006		1.087	1.067	1.048	28.975	27.813	26.644	0.714	0.707	0.699	0.706
204	13	910	916	909	2019-06-25T10:10Z	323/006		1.044	1.050	1.042	26.378	26.778	26.312	0.731	0.734	0.730	0.732
204	15	925	903	915	2019-06-25T10:10Z	323/006		1.061	1.035	1.049	27.393	25.921	26.711	0.738	0.727	0.733	0.733
204	20	905	859	930	2019-06-25T10:10Z	323/006	ab 20 cm tonig	1.038	0.983	1.066	26.050	23.273	27.743	0.735	0.712	0.748	0.732
204	30	768	661	655	2019-06-25T10:10Z	323/006	ab 30 cm sandig	0.877	0.752	0.745	18.830	14.911	14.723				
205	0	827	807	795	2019-06-25T10:35Z	323/006		0.947	0.922	0.908	21.567	20.584	20.022	0.580	0.573	0.569	0.574
205	6	750	772	784	2019-06-25T10:35Z	323/006		0.856	0.881	0.896	18.086	19.001	19.525	0.409	0.413	0.415	0.412
205	10	829	826	807	2019-06-25T10:35Z	323/006		0.949	0.945	0.922	21.669	21.516	20.584	0.416	0.416	0.412	0.415
205	14	817	857	778	2019-06-25T10:35Z	323/006		0.935	0.981	0.889	21.068	23.161	19.260	0.382	0.388	0.376	0.382
205	21	764	784	833	2019-06-25T10:35Z	323/006		0.873	0.896	0.953	18.661	19.525	21.874	0.380	0.383	0.391	0.385
205	24	828	766	788	2019-06-25T10:35Z	323/006	Kieselstein	0.948	0.874	0.900	21.618	18.745	19.704	0.403	0.392	0.396	0.397
205	30	869	792	797	2019-06-25T10:35Z	323/006		0.996	0.905	0.911	23.842	19.885	20.114				
206	0	797	967	953	2019-06-25T11:10Z	323/006	Viel Kiefernstreu	0.911	1.110	1.093	20.114	30.516	29.427				
206	5	1115	1131	1122	2019-06-25T11:10Z	323/006		1.284	1.301	1.291	45.758	47.906	46.684				
206	10	1086	1114	1131	2019-06-25T11:10Z	323/006	Boden ist torfig	1.250	1.281	1.301	42.148	45.628	47.906				
206	16	1135	1136	1136	2019-06-25T11:10Z	323/006		1.307	1.307	1.307	48.461	48.601	48.601				
206	20	1138	1137	1137	2019-06-25T11:10Z	323/006	Torf ab 20 cm	1.310	1.308	1.308	48.882	48.741	48.741				
206	25	1138	1137	1138	2019-06-25T11:10Z	323/006		1.310	1.308	1.309	48.882	48.741	48.882				
206	30	1137	1137	1136	2019-06-25T11:10Z	323/006		1.309	1.308	1.307	48.741	48.741	48.601				
207	0	816	758	749	2019-06-25T11:35Z	323/006		0.934	0.865	0.855	21.019	18.412	18.046	0.647	0.622	0.618	0.629
207	4	942	906	891	2019-06-25T11:35Z	323/006		1.081	1.038	1.021	28.605	26.116	25.161	0.685	0.670	0.664	0.673
207	10	1105	1105	1097	2019-06-25T11:35Z	323/006	ab 10 cm torfig	1.272	1.271	1.262	44.473	44.473	43.476	0.785	0.785	0.781	0.784
207	15	1119	1112	1112	2019-06-25T11:35Z	323/006		1.288	1.279	1.279	46.284	45.368	45.368	0.837	0.834	0.834	0.835
207	22	1131	1123	1129	2019-06-25T11:35Z	323/006	ab 20 cm Torf	1.302	1.292	1.299	47.906	46.818	47.631	0.853	0.849	0.852	0.852
207	25	1132	1130	1130	2019-06-25T11:35Z	323/006		1.303	1.300	1.300	48.044	47.768	47.768	0.864	0.863	0.863	0.863
207	32	1132	1133	1134	2019-06-25T11:35Z	323/006		1.303	1.304	1.305	48.044	48.183	48.322				
208	0	1058	1085	1042	2019-06-25T12:30Z	323/006		1.217	1.248	1.197	38.980	42.030	37.299	0.753	0.765	0.746	0.755
208	5	964	980	1016	2019-06-25T12:30Z	323/006		1.107	1.125	1.167	30.278	31.574	34.753	0.694	0.701	0.716	0.704
208	10	1095	1096	1097	2019-06-25T12:30Z	323/006		1.260	1.260	1.262	43.231	43.353	43.476	0.780	0.781	0.781	0.781
208	14	1102	1100	1099	2019-06-25T12:30Z	323/006		1.268	1.265	1.264	44.096	43.847	43.723	0.828	0.827	0.827	0.828
208	20	1112	1109	1112	2019-06-25T12:30Z	323/006	ab 20 cm torfig	1.280	1.276	1.279	45.368	44.982	45.368	0.843	0.842	0.843	0.843
208	26	1093	1117	1118	2019-06-25T12:30Z	323/006	ab 25 cm Torf	1.258	1.285	1.286	42.987	46.020	46.152	0.843	0.856	0.857	0.852
208	30	1119	1120	1119	2019-06-25T12:30Z	323/006		1.288	1.288	1.287	46.284	46.417	46.284				
210	0	900	857	889	2019-06-25T12:50Z	323/006		1.032	0.981	1.018	25.728	23.161	25.037	0.684	0.665	0.679	0.676
210	6	1015	1072	1050	2019-06-25T12:50Z	323/006	torfig	1.167	1.232	1.207	34.660	40.527	38.129	0.715	0.739	0.730	0.728
210	9	1090	1076	1065	2019-06-25T12:50Z	323/006		1.254	1.237	1.224	42.625	40.982	39.744	0.778	0.772	0.767	0.772
210	14	1119	1117	1123	2019-06-25T12:50Z	323/006		1.288	1.285	1.292	46.284	46.020	46.818	0.837	0.836	0.839	0.837
210	19	1129	1130	1128	2019-06-25T12:50Z	323/006		1.300	1.300	1.298	47.631	47.768	47.494	0.852	0.853	0.852	0.852
210	24	1130	1131	1130	2019-06-25T12:50Z	323/006	Torf	1.301	1.301	1.300	47.768	47.906	47.768	0.863	0.864	0.863	0.863
210	30	1110	1133	1133	2019-06-25T12:50Z	323/006		1.278	1.304	1.304	45.110	48.183	48.183				
211	0	790	776	826	2019-06-25T13:05Z	323/006		0.903	0.886	0.945	19.794	19.173	21.516	0.636	0.629	0.651	0.639
211	5	963	909	881	2019-06-25T13:05Z	323/006		1.106	1.042	1.009	30.199	26.312	24.550	0.694	0.672	0.660	0.675
211	9	1031	1071	1068	2019-06-25T13:05Z	323/006		1.185	1.231	1.228	36.195	40.414	40.078	0.752	0.770	0.768	0.763
211	14	1099	1115	1094	2019-06-25T13:05Z	323/006		1.265	1.283	1.258	43.723	45.758	43.109	0.827	0.835	0.824	0.829
211	19	1130	1130	1130	2019-06-25T13:05Z	323/006		1.301	1.300	1.300	47.768	47.768	47.768	0.853	0.853	0.853	0.853
211	24	1135	1135	1134	2019-06-25T13:05Z	323/006		1.307	1.306	1.305	48.461	48.461	48.322	0.866	0.866	0.865	0.865
211	30	1135	1136	1135	2019-06-25T13:05Z	323/006		1.307	1.307	1.306	48.461	48.601	48.461				
212	0	505	500	517	2019-06-25T13:20Z	323/006		0.570	0.563	0.583	10.727	10.611	11.007	0.509	0.507	0.515	0.510
212	5	945	820	818	2019-06-25T13:20Z	323/006		1.085	0.938	0.935	28.826	21.216	21.117	0.687	0.635	0.634	0.652
212	9	1091	1080	1088	2019-06-25T13:20Z	323/006	torfig	1.255	1.242	1.251	42.746	41.444	42.386	0.779	0.774	0.777	0.777
212	15	1120	1125	1121	2019-06-25T13:20Z	323/006		1.289	1.294	1.290	46.417	47.087	46.550	0.838	0.840	0.838	0.839
212	19	1115	1117	1121	2019-06-25T13:20Z	323/006		1.284	1.285	1.290	45.758	46.020	46.550	0.845	0.846	0.848	0.846
212	25	1123	1129	1130	2019-06-25T13:20Z	323/006		1.293	1.299	1.300	46.818	47.631	47.768	0.859	0.862	0.863	0.862
212	33	1117	1136	1137	2019-06-25T13:20Z	323/006	Torf	1.286	1.307	1.308	46.020	48.601	48.741				
213	0	476	475	449	2019-06-25T16:10Z	323/006	Streu	0.536	0.534	0.504	10.069	10.047	9.479	0.356	0.355	0.347	0.353
213	8	238	243	244	2019-06-25T16:10Z	323/006		0.257	0.263	0.264	5.263	5.358	5.377	0.195	0.199	0.200	0.198
213	11	489	579	486	2019-06-25T16:10Z	323/006	Feinsand und viele Wurzeln	0.551	0.656	0.547	10.361	12.548	10.293	0.307	0.328	0.307	0.314
213	17	462	435	556	2019-06-25T16:10Z	323/006		0.519	0.487	0.629	9.761	9.180	11.956	0.284	0.276	0.306	0.289
213	20	505	451	443	2019-06-25T16:10Z	323/006		0.570	0.506	0.497	10.727	9.522	9.350	0.318	0.304	0.301	0.308
213	25	609	588	521	2019-06-25T16:10Z	323/006		0.691	0.666	0.588	13.363	12.787	11.101	0.320	0.316	0.302	0.313
213	30	406	367	636	2019-06-25T16:10Z	323/006	tonig	0.454	0.408	0.722	8.573	7.779	14.143	0.259	0.245	0.314	0.272
214	0	307	279	378	2019-06-25T16:35Z	323/006	Streu	0.338	0.305	0.421	6.593	6.049	8.001	0.366	0.347	0.407	0.373
214	5	324	325	310	2019-06-25T16:35Z	323/006		0.358	0.359	0.341	6.925	6.945	6.651	0.288	0.288	0.281	0.286
214	9	302	304	311	2019-06-25T16:35Z	323/006		0.332	0.334	0.342	6.495	6.534	6.671	0.271	0.273	0.276	0.273
214	15	502	417	382	2019-06-25T16:35Z	323/006		0.566	0.466	0.425	10.657	8.801	8.082	0.320	0.296	0.284	0.300
214	20	491	445	531	2019-06-25T16:35Z	323/006	tonig	0.553	0.499	0.600	10.406	9.393	11.340	0.323	0.310	0.333	0.322
214	27	580	612	560	2019-06-25T16:35Z	323/006		0.657	0.694	0.634	12.575	13.447	12.057	0.355	0.362	0.350	0.356
214	30	587	638	511	2019-06-25T16:35Z	323/006		0.666	0.725	0.576	12.761	14.203	10.866				
215	0	496	480	401	2019-06-25T16:50Z	323/006		0.559	0.540	0.448	10.520	10.158	8.470	0.492	0.485	0.445	0.474
215	5	543	460	484	2019-06-25T16:50Z	323/006		0.614	0.517	0.545	11.633	9.717	10.248	0.512	0.474	0.486	0.491
215	10	438	497	475	2019-06-25T16:50Z	323/006		0.491	0.560	0.534	9.244	10.543	10.047	0.449	0.476	0.466	0.464
215	15	508	541	516	2019-06-25T16:50Z	323/006		0.573	0.611	0.582	10.796	11.583	10.983	0.490	0.505	0.494	0.496
215	21	519	561	624	2019-06-25T16:50Z	323/006	Ton	0.586	0.635	0.708	11.054	12.083	13.790	0.487	0.504	0.529	0.507
215	27	725	738	742	2019-06-25T16:50Z	323/006		0.827	0.842	0.846	17.115	17.612	17.768	0.594	0.600	0.601	0.598
215	30	689	702	736	2019-06-25T16:50Z	323/006		0.785	0.800	0.839	15.830	16.280	17.534	0.600	0.606	0.622	0.609
216	0	625	500	590	2019-06-25T17:10Z	323/006		0.710	0.563	0.669	13.820	10.611	12.841	0.510	0.463	0.497	0.490
216	6	587	580	607	2019-06-25T17:10Z	323/006		0.666	0.657	0.689	12.761	12.575	13.307	0.374	0.372	0.379	0.375
216	10	527	546	625	2019-06-25T17:10Z	323/006		0.595	0.617	0.710	11.244	11.707	13.820	0.353	0.358	0.376	0.363
216	15	699	687	717	2019-06-25T17:10Z	323/006		0.797	0.782	0.817	16.175	15.762	16.819	0.362	0.360	0.365	0.362
216	20	609	645	661	2019-06-25T17:10Z	323/006	tonig und steinig	0.691	0.733	0.752	13.363	14.414	14.911	0.351	0.358	0.361	0.356
216	26	663	774	724	2019-06-25T17:10Z	323/006		0.755	0.884	0.825	14.975	19.087	17.078	0.373	0.393	0.384	0.383
216	31	773	731	730	2019-06-25T17:10Z	323/006		0.883	0.834	0.832	19.044	17.342	17.304				
217	0	561	424	503	2019-06-25T17:25Z	323/006		0.635	0.475	0.567	12.083	8.948	10.680	0.487	0.430	0.464	0.460
217	6	598	642	598	2019-06-25T17:25Z	323/006		0.679	0.729	0.678	13.058	14.323	13.058	0.377	0.386	0.377	0.380
217	10	752	751	745	2019-06-25T17:25Z	323/006		0.859	0.857	0.850	18.167	18.127	17.887	0.402	0.402	0.401	0.401
217	15	770	679	783	2019-06-25T17:25Z	323/006		0.880	0.773	0.894	18.915	15.494	19.480	0.374	0.358	0.376	0.370
217	19	768	779	829	2019-06-25T17:25Z	323/006		0.877	0.890	0.948	18.830	19.304	21.669	0.380	0.382	0.391	0.384
217	24	717	592	767	2019-06-25T17:25Z	323/006	lehmig	0.818	0.671	0.876	16.819	12.895	18.788	0.383	0.358	0.392	0.378
217	32	714	789	796	2019-06-25T17:25Z	323/006		0.814	0.901	0.910	16.709	19.749	20.068				
219	0	401	402	369	2019-06-25T18:00Z	323/006	CRNS#4	0.448	0.449	0.410	8.470	8.491	7.819	0.419	0.420	0.403	0.414
219	5	432	422	453	2019-06-25T18:00Z	323/006		0.484	0.472	0.508	9.116	8.906	9.565	0.332	0.328	0.338	0.333
219	9	321	297	295	2019-06-25T18:00Z	323/006	Feinsand	0.354	0.326	0.324	6.866	6.398	6.359	0.281	0.269	0.267	0.273
219	15	362	341	338	2019-06-25T18:00Z	323/006	steinig	0.402	0.377	0.374	7.679	7.261	7.201	0.276	0.267	0.266	0.270
219	19	437	471	509	2019-06-25T18:00Z	323/006	lehmiger	0.490	0.529	0.574	9.222	9.958	10.819	0.308	0.318	0.328	0.318
219	24	582	507	567	2019-06-25T18:00Z	323/006	Feinsand	0.660	0.572	0.642	12.627	10.773	12.236	0.355	0.338	0.352	0.348
219	30	611	644	673	2019-06-25T18:00Z	323/006		0.694	0.732	0.766	13.419	14.384	15.297				
220	0	524	487	457	2019-06-25T18:35Z	323/006		0.592	0.548	0.513	11.173	10.315	9.652	0.472	0.458	0.445	0.458
220	5	460	413	428	2019-06-25T18:35Z	323/006		0.517	0.462	0.479	9.717	8.718	9.032	0.340	0.325	0.330	0.332
220	10	491	527	509	2019-06-25T18:35Z	323/006		0.553	0.595	0.574	10.406	11.244	10.819	0.344	0.353	0.349	0.349
220	15	651	560	669	2019-06-25T18:35Z	323/006	lehmig	0.741	0.634	0.761	14.598	12.057	15.167	0.353	0.334	0.356	0.348
220	20	731	644	708	2019-06-25T18:35Z	323/006		0.834	0.732	0.807	17.342	14.384	16.493	0.374	0.358	0.370	0.367
220	25	585	718	602	2019-06-25T18:35Z	323/006	Ton	0.663	0.818	0.683	12.707	16.855	13.168	0.356	0.383	0.360	0.366
220	30	627	689	639	2019-06-25T18:35Z	323/006		0.712	0.784	0.726	13.878	15.830	14.233				
221	0	279	258	272		323/006		0.305	0.280	0.297	6.049	5.645	5.914	0.347	0.331	0.342	0.340
221	5	430	384	413		323/006		0.482	0.428	0.462	9.074	8.123	8.718	0.331	0.314	0.325	0.323
221	10	446	403	432		323/006		0.501	0.450	0.484	9.414	8.511	9.116	0.331	0.316	0.326	0.324
221	15	304	325	255		323/006		0.334	0.359	0.277	6.534	6.945	5.587	0.249	0.260	0.218	0.242
221	20	400	351	382		323/006		0.447	0.389	0.425	8.449	7.459	8.082	0.296	0.277	0.289	0.287
221	24	478	400	493		323/006		0.538	0.446	0.555	10.114	8.449	10.451	0.330	0.305	0.334	0.323
221	30	490	308	367		323/006	lehmiger Feinsand	0.552	0.339	0.408	10.383	6.612	7.779				
222	0	319	319	302	2019-06-25T19:20Z	323/006	Streu	0.352	0.352	0.332	6.827	6.827	6.495	0.374	0.374	0.363	0.370
222	6	269	364	386	2019-06-25T19:20Z	323/006	humusbereich	0.294	0.404	0.430	5.856	7.719	8.163	0.256	0.306	0.315	0.293
222	10	336	267	438	2019-06-25T19:20Z	323/006		0.372	0.291	0.491	7.162	5.818	9.244	0.289	0.250	0.328	0.289
222	15	433	497	551	2019-06-25T19:20Z	323/006		0.485	0.560	0.623	9.137	10.543	11.831	0.301	0.319	0.332	0.318
222	20	562	623	591	2019-06-25T19:20Z	323/006		0.636	0.707	0.670	12.108	13.762	12.868	0.340	0.353	0.347	0.347
222	25	633	493	661	2019-06-25T19:20Z	323/006		0.719	0.555	0.752	14.054	10.451	14.911	0.366	0.334	0.372	0.357
222	30	421	610	666	2019-06-25T19:20Z	323/006		0.471	0.692	0.758	8.885	13.391	15.070				
224	0	627	614	661	2019-06-26T08:45Z	323/006		0.712	0.697	0.752	13.878	13.504	14.911	0.489	0.485	0.500	0.491
224	5	738	698	681	2019-06-26T08:45Z	323/006	lehmig	0.842	0.795	0.775	17.612	16.140	15.561	0.453	0.444	0.440	0.446
224	10	879	881	879	2019-06-26T08:45Z	323/006		1.007	1.009	1.007	24.430	24.550	24.430	0.425	0.426	0.425	0.425
224	15	867	860	877	2019-06-26T08:45Z	323/006		0.993	0.984	1.004	23.727	23.329	24.311	0.413	0.412	0.415	0.413
224	20	840	834	815	2019-06-26T08:45Z	323/006		0.962	0.954	0.932	22.239	21.926	20.970	0.423	0.422	0.419	0.422
224	25	834	853	867	2019-06-26T08:45Z	323/006		0.955	0.976	0.993	21.926	22.940	23.727	0.425	0.428	0.430	0.428
224	30	891	872	871	2019-06-26T08:45Z	323/006		1.021	0.998	0.997	25.161	24.017	23.959				
225	0	829	822	822	2019-06-26T09:05Z	323/006		0.949	0.940	0.940	21.669	21.315	21.315	0.552	0.550	0.550	0.551
225	5	822	837	810	2019-06-26T09:05Z	323/006		0.941	0.957	0.926	21.315	22.082	20.727	0.473	0.476	0.470	0.473
225	11	840	869	866	2019-06-26T09:05Z	323/006		0.962	0.995	0.991	22.239	23.842	23.670	0.419	0.424	0.423	0.422
225	15	749	748	825	2019-06-26T09:05Z	323/006	Ton	0.855	0.853	0.943	18.046	18.006	21.466	0.392	0.392	0.406	0.397
225	20	831	846	734	2019-06-26T09:05Z	323/006	teilweise sandig	0.951	0.968	0.837	21.771	22.559	17.457	0.422	0.425	0.404	0.417
225	25	822	856	720	2019-06-26T09:05Z	323/006		0.941	0.980	0.821	21.315	23.106	16.929	0.422	0.428	0.403	0.418
225	30	820	843	842	2019-06-26T09:05Z	323/006		0.938	0.965	0.963	21.216	22.399	22.345				
226	0	810	798	775	2019-06-26T09:25Z	323/006		0.927	0.912	0.885	20.727	20.161	19.130	0.546	0.543	0.536	0.541
226	5	783	767	760	2019-06-26T09:25Z	323/006		0.895	0.876	0.867	19.480	18.788	18.495	0.464	0.460	0.458	0.461
226	9	867	857	861	2019-06-26T09:25Z	323/006		0.993	0.981	0.986	23.727	23.161	23.385	0.423	0.422	0.422	0.422
226	15	828	857	831	2019-06-26T09:25Z	323/006		0.948	0.981	0.950	21.618	23.161	21.771	0.407	0.411	0.407	0.408
226	20	877	889	892	2019-06-26T09:25Z	323/006	Ton	1.005	1.018	1.022	24.311	25.037	25.223	0.430	0.432	0.433	0.432
226	25	819	833	857	2019-06-26T09:25Z	323/006		0.937	0.953	0.981	21.166	21.874	23.161	0.422	0.424	0.429	0.425
226	30	875	870	826	2019-06-26T09:25Z	323/006		1.003	0.996	0.945	24.193	23.900	21.516				
227	0	835	793	819	2019-06-26T09:55Z	323/006		0.956	0.906	0.936	21.978	19.930	21.166	0.554	0.541	0.549	0.548
227	5	885	879	864	2019-06-26T09:55Z	323/006	lehmig	1.014	1.007	0.989	24.792	24.430	23.555	0.486	0.485	0.482	0.484
227	10	920	921	931	2019-06-26T09:55Z	323/006		1.055	1.056	1.067	27.049	27.117	27.813	0.432	0.432	0.434	0.433
227	17	819	833	850	2019-06-26T09:55Z	323/006		0.937	0.953	0.973	21.166	21.874	22.776	0.405	0.407	0.410	0.408
227	20	862	848	860	2019-06-26T09:55Z	323/006		0.987	0.970	0.984	23.442	22.667	23.329	0.427	0.425	0.427	0.426
227	25	898	888	878	2019-06-26T09:55Z	323/006	tonig	1.030	1.017	1.005	25.601	24.976	24.371	0.436	0.434	0.432	0.434
227	30	854	882	861	2019-06-26T09:55Z	323/006		0.978	1.010	0.986	22.995	24.610	23.385				
228	0	297	347	288	2019-06-26T10:30Z	323/006	Streu org.	0.326	0.384	0.315	6.398	7.380	6.223	0.347	0.376	0.341	0.355
228	6	525	604	599	2019-06-26T10:30Z	323/006		0.593	0.685	0.679	11.196	13.224	13.086	0.398	0.420	0.419	0.412
228	11	555	531	523	2019-06-26T10:30Z	323/006	lehmig	0.628	0.600	0.590	11.931	11.340	11.149	0.361	0.355	0.353	0.356
228	15	598	644	601	2019-06-26T10:30Z	323/006	tonig	0.679	0.732	0.682	13.058	14.384	13.141	0.362	0.372	0.363	0.366
228	20	395	520	331	2019-06-26T10:30Z	323/006		0.441	0.587	0.366	8.347	11.078	7.063	0.317	0.356	0.290	0.321
228	25	723	660	598	2019-06-26T10:30Z	323/006		0.825	0.751	0.678	17.041	14.879	13.058	0.403	0.390	0.377	0.390
228	30	676	671	553	2019-06-26T10:30Z	323/006		0.770	0.763	0.625	15.395	15.232	11.881				
229	0	714	686	700	2019-06-26T10:45Z	323/006		0.814	0.781	0.797	16.709	15.728	16.209	0.517	0.508	0.512	0.512
229	6	712	761	662	2019-06-26T10:45Z	323/006	künstl. Aufgeschüttet	0.812	0.869	0.753	16.637	18.536	14.943	0.447	0.459	0.435	0.447
229	10	632	521	670	2019-06-26T10:45Z	323/006	lehmig-steinig-kiesig	0.718	0.588	0.762	14.025	11.101	15.199	0.378	0.352	0.386	0.372
229	15	663	606	515	2019-06-26T10:45Z	323/006		0.755	0.687	0.581	14.975	13.279	10.960	0.376	0.364	0.343	0.361
229	21	782	693	699	2019-06-26T10:45Z	323/006		0.894	0.789	0.796	19.436	15.967	16.175	0.413	0.395	0.397	0.402
229	25	676	656	721	2019-06-26T10:45Z	323/006		0.770	0.746	0.822	15.395	14.754	16.966	0.394	0.390	0.403	0.395
229	31	652	573	817	2019-06-26T10:45Z	323/006	lehmig-kiesig	0.742	0.649	0.934	14.629	12.391	21.068				
230	0	274	295	308	2019-06-26T11:25Z	323/006		0.299	0.324	0.339	5.953	6.359	6.612	0.343	0.358	0.367	0.356
230	5	279	347	354	2019-06-26T11:25Z	323/006		0.305	0.384	0.393	6.049	7.380	7.519	0.263	0.299	0.302	0.288
230	6	661	744	715	2019-06-26T11:25Z	323/006	lehmig	0.752	0.849	0.815	14.911	17.847	16.746	0.390	0.407	0.402	0.400
230	10	442	482	476	2019-06-26T11:25Z	323/006	Obere Schicht Humus	0.496	0.542	0.535	9.329	10.203	10.069	0.329	0.341	0.340	0.337
230	21	710	731	688	2019-06-26T11:25Z	323/006		0.810	0.834	0.783	16.564	17.342	15.796	0.370	0.374	0.366	0.370
230	25	725	761	602	2019-06-26T11:25Z	323/006		0.827	0.869	0.683	17.115	18.536	13.168	0.384	0.391	0.360	0.378
230	30	783	789	849	2019-06-26T11:25Z	323/006		0.895	0.901	0.972	19.480	19.749	22.721				
231	0	748	702	679	2019-06-26T11:45Z	323/006	Wiese gemäht. Heu liegt noch	0.854	0.800	0.773	18.006	16.280	15.494	0.553	0.537	0.529	0.540
231	4	643	563	468	2019-06-26T11:45Z	323/006	humusreicher Oberboden	0.731	0.637	0.526	14.354	12.134	9.892	0.387	0.368	0.343	0.366
231	9	564	600	554	2019-06-26T11:45Z	323/006	ab 5 cm steinig	0.639	0.680	0.627	12.159	13.113	11.906	0.363	0.371	0.360	0.365
231	15	673	653	727	2019-06-26T11:45Z	323/006		0.766	0.742	0.829	15.297	14.660	17.191	0.357	0.353	0.367	0.359
231	20	617	798	770	2019-06-26T11:45Z	323/006	Boden wird lehmiger	0.701	0.912	0.879	13.589	20.161	18.915	0.352	0.385	0.381	0.373
231	25	734	789	775	2019-06-26T11:45Z	323/006		0.838	0.901	0.885	17.457	19.749	19.130	0.386	0.396	0.394	0.392
231	31	737	732	731	2019-06-26T11:45Z	323/006	lehmig. nicht mehr steinig	0.841	0.835	0.834	17.573	17.380	17.342				
233	0	1031	1019	1030	2019-06-26T12:40Z	323/006	viel Totholz an Oberfläche. überwachsen (diese Stellen vermieden!)	1.185	1.170	1.183	36.195	35.036	36.097	0.610	0.607	0.610	0.609
233	6	869	935	955	2019-06-26T12:40Z	323/006	lehmig	0.996	1.072	1.095	23.842	28.098	29.579	0.487	0.502	0.506	0.498
233	11	799	816	794	2019-06-26T12:40Z	323/006		0.914	0.933	0.907	20.207	21.019	19.976	0.380	0.383	0.379	0.381
233	15	868	849	854	2019-06-26T12:40Z	323/006		0.995	0.972	0.977	23.785	22.721	22.995	0.371	0.369	0.369	0.370
233	20	878	878	877	2019-06-26T12:40Z	323/006		1.006	1.005	1.004	24.371	24.371	24.311	0.376	0.376	0.376	0.376
233	25	920	912	895	2019-06-26T12:40Z	323/006		1.055	1.045	1.025	27.049	26.510	25.411	0.410	0.409	0.407	0.409
233	30	725	819	786	2019-06-26T12:40Z	323/006		0.827	0.936	0.898	17.115	21.166	19.614				
234	0	1031	1019	1035	2019-06-26T13:05Z	323/006	lehmig. feucht	1.185	1.170	1.189	36.195	35.036	36.592	0.610	0.607	0.612	0.610
234	5	966	948	985	2019-06-26T13:05Z	323/006		1.109	1.087	1.131	30.436	29.050	31.993	0.508	0.504	0.512	0.508
234	11	829	853	898	2019-06-26T13:05Z	323/006	seperate Stelle 10 cm entfernt	0.949	0.976	1.029	21.669	22.940	25.601	0.385	0.389	0.396	0.390
234	15	964	975	969	2019-06-26T13:05Z	323/006		1.107	1.119	1.112	30.278	31.161	30.676	0.385	0.386	0.385	0.385
234	20	948	933	925	2019-06-26T13:05Z	323/006		1.088	1.070	1.060	29.050	27.955	27.393	0.386	0.384	0.383	0.384
234	24	921	924	939	2019-06-26T13:05Z	323/006		1.057	1.059	1.077	27.117	27.324	28.386	0.411	0.411	0.413	0.412
234	29	847	889	893	2019-06-26T13:05Z	323/006		0.970	1.018	1.023	22.613	25.037	25.286				
235	0	1060	1057	1051	2019-06-26T13:25Z	323/006	humusreich. feucht glänz.	1.219	1.215	1.208	39.197	38.873	38.234	0.618	0.618	0.616	0.617
235	5	1050	1030	1020	2019-06-26T13:25Z	323/006		1.208	1.183	1.172	38.129	36.097	35.131	0.525	0.521	0.519	0.522
235	10	1008	984	977	2019-06-26T13:25Z	323/006	lehmig. feucht	1.158	1.129	1.121	34.013	31.908	31.325	0.411	0.408	0.407	0.409
235	15	929	945	920	2019-06-26T13:25Z	323/006		1.066	1.084	1.055	27.672	28.826	27.049	0.380	0.382	0.379	0.380
235	22	937	887	913	2019-06-26T13:25Z	323/006		1.075	1.016	1.046	28.242	24.914	26.577	0.385	0.378	0.381	0.381
235	25	929	937	929	2019-06-26T13:25Z	323/006	tonig	1.066	1.074	1.065	27.672	28.242	27.672	0.412	0.413	0.412	0.412
235	31	939	941	923	2019-06-26T13:25Z	323/006		1.078	1.079	1.058	28.386	28.532	27.255				
236	0	976	953	976	2019-06-26T13:40Z	323/006	Streu. Moos. teils entfernt	1.121	1.093	1.120	31.243	29.427	31.243	0.595	0.588	0.595	0.593
236	7	831	945	909	2019-06-26T13:40Z	323/006		0.951	1.084	1.042	21.771	28.826	26.312	0.479	0.504	0.496	0.493
236	10	935	953	953	2019-06-26T13:40Z	323/006	lehmig	1.073	1.093	1.093	28.098	29.427	29.427	0.401	0.404	0.404	0.403
236	15	907	868	906	2019-06-26T13:40Z	323/006		1.040	0.994	1.038	26.181	23.785	26.116	0.377	0.371	0.377	0.375
236	20	861	730	898	2019-06-26T13:40Z	323/006	tonig	0.986	0.832	1.029	23.385	17.304	25.601	0.374	0.353	0.379	0.369
236	25	866	732	884	2019-06-26T13:40Z	323/006		0.992	0.835	1.012	23.670	17.380	24.731	0.402	0.379	0.405	0.395
236	30	849	864	851	2019-06-26T13:40Z	323/006	tonig mit Bräunungsfl.	0.972	0.989	0.974	22.721	23.555	22.830				
237	0	1075	1080	1040	2019-06-26T14:00Z	323/006		1.237	1.242	1.195	40.868	41.444	37.096	0.622	0.624	0.613	0.620
237	5	1003	1003	996	2019-06-26T14:00Z	323/006		1.153	1.152	1.143	33.561	33.561	32.940	0.516	0.516	0.514	0.515
237	10	891	843	911	2019-06-26T14:00Z	323/006		1.021	0.965	1.044	25.161	22.399	26.444	0.394	0.387	0.397	0.393
237	16	885	875	884	2019-06-26T14:00Z	323/006		1.014	1.002	1.012	24.792	24.193	24.731	0.374	0.372	0.374	0.373
237	20	777	831	771	2019-06-26T14:00Z	323/006		0.888	0.950	0.880	19.217	21.771	18.958	0.361	0.369	0.360	0.363
237	25	888	865	839	2019-06-26T14:00Z	323/006	lehmig bis tonig	1.018	0.990	0.960	24.976	23.612	22.187	0.405	0.402	0.398	0.402
237	31	773	813	782	2019-06-26T14:00Z	323/006		0.883	0.929	0.893	19.044	20.872	19.436				
238	0	691	797	782	2019-06-26T14:20Z	323/006		0.787	0.911	0.893	15.898	20.114	19.436	0.509	0.542	0.538	0.530
238	5	663	829	705	2019-06-26T14:20Z	323/006		0.755	0.948	0.803	14.975	21.669	16.386	0.435	0.474	0.446	0.452
238	10	838	958	951	2019-06-26T14:20Z	323/006		0.959	1.099	1.091	22.134	29.810	29.275	0.418	0.438	0.437	0.431
238	15	996	1004	1021	2019-06-26T14:20Z	323/006		1.144	1.153	1.173	32.940	33.651	35.226	0.433	0.435	0.437	0.435
238	20	1052	1004	1008	2019-06-26T14:20Z	323/006		1.210	1.153	1.157	38.339	33.651	34.013	0.458	0.451	0.452	0.454
238	25	1032	1004	951	2019-06-26T14:20Z	323/006		1.186	1.153	1.091	36.294	33.651	29.275	0.458	0.453	0.445	0.452
238	30	951	1038	1031	2019-06-26T14:20Z	323/006		1.092	1.193	1.184	29.275	36.893	36.195				
239	0	978	957	946	2019-06-26T14:35Z	323/006		1.123	1.098	1.085	31.408	29.733	28.900	0.596	0.590	0.586	0.591
239	5	988	974	992	2019-06-26T14:35Z	323/006		1.135	1.118	1.139	32.248	31.080	32.591	0.513	0.510	0.513	0.512
239	11	829	828	833	2019-06-26T14:35Z	323/006		0.949	0.947	0.953	21.669	21.618	21.874	0.385	0.385	0.385	0.385
239	15	877	831	790	2019-06-26T14:35Z	323/006	lehmig mit einzelnen Steinen	1.005	0.950	0.903	24.311	21.771	19.794	0.373	0.366	0.360	0.366
239	20	872	844	918	2019-06-26T14:35Z	323/006		0.999	0.966	1.052	24.017	22.452	26.913	0.376	0.371	0.382	0.376
239	25	863	850	843	2019-06-26T14:35Z	323/006		0.989	0.973	0.965	23.499	22.776	22.399	0.402	0.399	0.398	0.400
239	30	878	828	888	2019-06-26T14:35Z	323/006		1.006	0.947	1.017	24.371	21.618	24.976				
240	0	449	442	443	2019-06-26T14:50Z	323/006		0.504	0.496	0.497	9.479	9.329	9.350	0.425	0.422	0.422	0.423
240	5	560	526	529	2019-06-26T14:50Z	323/006		0.634	0.594	0.597	12.057	11.220	11.292	0.411	0.401	0.402	0.405
240	10	444	518	588	2019-06-26T14:50Z	323/006		0.498	0.584	0.666	9.372	11.030	12.787	0.305	0.325	0.341	0.324
240	15	480	544	517	2019-06-26T14:50Z	323/006		0.540	0.615	0.583	10.158	11.657	11.007	0.299	0.315	0.308	0.307
240	20	636	478	579	2019-06-26T14:50Z	323/006		0.723	0.538	0.656	14.143	10.114	12.548	0.337	0.302	0.325	0.321
240	26	571	656	699	2019-06-26T14:50Z	323/006		0.647	0.746	0.796	12.339	14.754	16.175	0.347	0.365	0.373	0.362
240	31	687	628	567	2019-06-26T14:50Z	323/006		0.783	0.713	0.642	15.762	13.907	12.236				
301	0	882	868	869		079/053	stony. presumably old dumpings	1.047	1.030	1.032	24.610	23.785	23.842	0.447	0.445	0.445	0.446
301	5	727	632	703		079/053		0.860	0.745	0.831	17.191	14.025	16.315	0.336	0.319	0.332	0.329
301	10	722	772	866		079/053		0.854	0.914	1.028	17.003	19.001	23.670	0.355	0.363	0.378	0.365
301	15	639	553	549		079/053		0.753	0.649	0.644	14.233	11.881	11.781	0.323	0.306	0.305	0.311
301	20	624	667	606		079/053		0.735	0.787	0.713	13.790	15.102	13.279	0.344	0.353	0.341	0.346
301	25	638	686	579		079/053		0.752	0.810	0.680	14.203	15.728	12.548	0.326	0.334	0.315	0.325
301	32	747	613	651		079/053		0.884	0.722	0.768	17.966	13.476	14.598	0.332	0.309	0.316	0.319
302	0	666	707	706		079/053	stony	0.786	0.835	0.834	15.070	16.457	16.421	0.404	0.413	0.412	0.409
302	7	770	738	792		079/053		0.912	0.873	0.938	18.915	17.612	19.885	0.343	0.338	0.346	0.342
302	12	733	749	793		079/053		0.867	0.886	0.940	17.419	18.046	19.930	0.357	0.360	0.367	0.361
302	15	774	633	650		079/053		0.917	0.746	0.766	19.087	14.054	14.567	0.345	0.321	0.325	0.330
302	19	735	696	662		079/053		0.869	0.822	0.781	17.496	16.070	14.943	0.365	0.358	0.352	0.358
302	25	745	722	714		079/053		0.881	0.854	0.844	17.887	17.003	16.709	0.344	0.341	0.339	0.341
302	29	726	686	684		079/053		0.858	0.810	0.808	17.153	15.728	15.661	0.329	0.322	0.322	0.324
303	0	761	768	768		079/053		0.901	0.909	0.909	18.536	18.830	18.830	0.424	0.425	0.425	0.425
303	6	502	530	530		079/053		0.587	0.621	0.621	10.657	11.316	11.316	0.292	0.299	0.299	0.297
303	10	471	566	705		079/053		0.550	0.665	0.833	9.958	12.210	16.386	0.303	0.325	0.352	0.327
303	15	667	666	697		079/053		0.787	0.786	0.823	15.102	15.070	16.105	0.328	0.327	0.333	0.329
303	19	621	678	580		079/053		0.731	0.800	0.682	13.704	15.461	12.575	0.344	0.355	0.335	0.345
303	24	815	767	687		079/053		0.966	0.908	0.811	20.970	18.788	15.762	0.355	0.348	0.335	0.346
303	28	726	540	511		079/053		0.858	0.633	0.598	17.153	11.559	10.866	0.329	0.295	0.288	0.304
304	0	735	793	760		079/053		0.869	0.940	0.900	17.496	19.930	18.495	0.418	0.430	0.424	0.424
304	5	592	708	651		079/053		0.696	0.837	0.768	12.895	16.493	14.598	0.312	0.333	0.323	0.322
304	10	728	754	740		079/053		0.861	0.892	0.875	17.228	18.248	17.690	0.356	0.360	0.358	0.358
304	15	746	584	760		079/053		0.883	0.686	0.900	17.926	12.681	18.495	0.341	0.312	0.343	0.332
304	19	663	561	643		079/053		0.782	0.659	0.758	14.975	12.083	14.354	0.352	0.331	0.348	0.344
304	24	678	668	703		079/053		0.800	0.788	0.831	15.461	15.135	16.315	0.333	0.331	0.337	0.334
304	29	720	621	702		079/053		0.851	0.731	0.829	16.929	13.704	16.280	0.328	0.311	0.325	0.321
305	0	868	870	819		079/053		1.030	1.033	0.971	23.785	23.900	21.166	0.445	0.445	0.435	0.442
305	8	815	803	763		079/053		0.966	0.952	0.903	20.970	20.394	18.620	0.370	0.368	0.362	0.367
305	10	746	827	816		079/053		0.883	0.981	0.967	17.926	21.567	21.019	0.359	0.372	0.370	0.367
305	17	815	806	785		079/053		0.966	0.955	0.930	20.970	20.536	19.569	0.351	0.350	0.347	0.349
305	22	817	833	821		079/053		0.969	0.988	0.974	21.068	21.874	21.266	0.378	0.381	0.379	0.379
305	28	723	684	803		079/053		0.855	0.808	0.952	17.041	15.661	20.394	0.328	0.322	0.340	0.330
305	33	829	825	820		079/053		0.983	0.978	0.972	21.669	21.466	21.216				
306	0	693	644	667		079/053		0.818	0.759	0.787	15.967	14.384	15.102	0.432	0.420	0.426	0.426
306	6	610	625	586		079/053		0.718	0.736	0.689	13.391	13.820	12.734	0.382	0.386	0.377	0.382
306	10	636	601	619		079/053		0.749	0.707	0.729	14.143	13.141	13.646	0.383	0.375	0.380	0.379
306	14	479	518	491		079/053		0.559	0.606	0.574	10.136	11.030	10.406	0.340	0.351	0.344	0.345
306	20	371	392	463		079/053		0.428	0.454	0.540	7.860	8.286	9.783	0.278	0.286	0.308	0.291
306	25	693	564	633		079/053		0.818	0.662	0.746	15.967	12.159	14.054	0.356	0.330	0.345	0.344
306	29	655	648	683		079/053		0.772	0.764	0.806	14.723	14.506	15.627	0.351	0.350	0.357	0.353
307	0	861	815	812		079/053		1.022	0.966	0.963	23.385	20.970	20.824	0.469	0.459	0.459	0.462
307	10	816	791	768		079/053		0.967	0.937	0.909	21.019	19.839	18.830	0.419	0.414	0.410	0.415
307	15	736	794	830		079/053		0.871	0.941	0.984	17.534	19.976	21.720				
307	20	586	723	699		079/053		0.689	0.855	0.826	12.734	17.041	16.175	0.338	0.364	0.360	0.354
307	24	810	822	816		079/053		0.960	0.975	0.967	20.727	21.315	21.019	0.376	0.377	0.376	0.376
307	29	727	703	742		079/053		0.860	0.831	0.878	17.191	16.315	17.768	0.364	0.360	0.367	0.364
308	0	787	758	719		079/053		0.932	0.897	0.850	19.659	18.412	16.892	0.453	0.447	0.438	0.446
308	7	541	690	665		079/053		0.634	0.815	0.785	11.583	15.864	15.038	0.366	0.400	0.395	0.387
308	12	740	634	731		079/053		0.875	0.747	0.865	17.690	14.084	17.342	0.399	0.378	0.398	0.392
308	15	720	743	802		079/053		0.851	0.879	0.951	16.929	17.808	20.347				
308	20	640	659	768		079/053		0.754	0.777	0.909	14.263	14.848	18.830	0.349	0.352	0.372	0.358
308	24	723	745	711		079/053		0.855	0.881	0.840	17.041	17.887	16.600	0.361	0.365	0.359	0.362
308	29	723	697	739		079/053		0.855	0.823	0.874	17.041	16.105	17.651	0.364	0.359	0.367	0.363
309	0	826	785	811		079/053		0.980	0.930	0.961	21.516	19.569	20.776	0.462	0.453	0.458	0.458
309	5					079/053	Stein										
309	10	672	682	689		079/053		0.793	0.805	0.814	15.264	15.594	15.830	0.391	0.393	0.394	0.393
309	15	646	669	733		079/053		0.762	0.789	0.867	14.445	15.167	17.419				
309	20	624	646	608		079/053		0.735	0.762	0.716	13.790	14.445	13.335	0.346	0.350	0.342	0.346
309	24	638	636	641		079/053		0.752	0.749	0.755	14.203	14.143	14.293	0.346	0.345	0.346	0.346
309	30	701	675	700		079/053		0.828	0.797	0.827	16.245	15.362	16.209	0.360	0.355	0.360	0.358
310	0	631	661	657		079/053		0.743	0.780	0.775	13.995	14.911	14.785	0.417	0.424	0.424	0.422
310	7	447	544	510		079/053		0.520	0.638	0.597	9.436	11.657	10.843	0.339	0.366	0.358	0.354
310	10	551	626	575		079/053		0.646	0.737	0.676	11.831	13.849	12.443	0.364	0.381	0.369	0.371
310	18	402	437	509		079/053		0.466	0.508	0.596	8.491	9.222	10.819	0.289	0.301	0.320	0.303
310	21	652	635	624		079/053		0.769	0.748	0.735	14.629	14.113	13.790	0.348	0.345	0.343	0.345
310	25	665	624	532		079/053		0.785	0.735	0.623	15.038	13.790	11.364	0.351	0.343	0.323	0.339
310	30	793	729	757		079/053		0.940	0.862	0.896	19.930	17.266	18.371	0.376	0.365	0.370	0.370
311	0	585	559	570		079/053	very loose soil	0.688	0.656	0.669	12.707	12.032	12.313	0.385	0.378	0.381	0.382
311	8	595	607	682		079/053	humoser Waldboden	0.700	0.714	0.805	12.976	13.307	15.594	0.331	0.334	0.348	0.338
311	13	515	552	618		079/053		0.603	0.648	0.728	10.960	11.856	13.618	0.297	0.305	0.319	0.307
311	15	703	718	761		079/053		0.831	0.849	0.901	16.315	16.855	18.536	0.334	0.336	0.343	0.338
311	20	769	767	762		079/053		0.911	0.908	0.902	18.872	18.788	18.578	0.370	0.370	0.369	0.370
311	25	827	832	748		079/053		0.981	0.987	0.885	21.567	21.822	18.006	0.357	0.358	0.345	0.353
311	30	880	879	879		079/053		1.045	1.044	1.044	24.490	24.430	24.430	0.351	0.351	0.351	0.351
312	0	858	864	857		079/053		1.018	1.026	1.017	23.217	23.555	23.161	0.561	0.562	0.560	0.561
312	6	859	813	825		079/053		1.020	0.964	0.978	23.273	20.872	21.466	0.485	0.475	0.477	0.479
312	10	872	882	815		079/053		1.035	1.047	0.966	24.017	24.610	20.970	0.392	0.393	0.383	0.389
312	15	871	851	847		079/053		1.034	1.010	1.005	23.959	22.830	22.613	0.372	0.369	0.368	0.370
312	22	744	843	859		079/053	clayey soil	0.880	1.000	1.020	17.847	22.399	23.273	0.356	0.371	0.374	0.367
312	28	802	823	880		079/053		0.951	0.976	1.045	20.347	21.365	24.490				
312	35	843	894	891		079/053		1.000	1.062	1.058	22.399	25.348	25.161				
313	0	577	487	447		079/053	humoser Waldboden	0.678	0.569	0.520	12.496	10.315	9.436	0.528	0.488	0.469	0.495
313	10	386	438	493		079/053	GPS	0.447	0.510	0.576	8.163	9.244	10.451				
313	15	430	415	427		079/053		0.500	0.482	0.496	9.074	8.760	9.011	0.349	0.344	0.348	0.347
313	20	568	492	512		079/053		0.667	0.575	0.599	12.262	10.429	10.889				
313	23	595	662	640		079/053		0.700	0.781	0.754	12.976	14.943	14.263	0.364	0.378	0.373	0.372
313	30	428	532	619		079/053		0.497	0.623	0.729	9.032	11.364	13.646	0.318	0.348	0.367	0.344
314	0	264	266	286		079/053	humoser Waldboden	0.299	0.301	0.325	5.760	5.799	6.184	0.310	0.312	0.326	0.316
314	8	256	265	231		079/053	GPS ?	0.289	0.300	0.259	5.607	5.779	5.129	0.278	0.284	0.258	0.274
314	10	235	271	308		079/053	Linde	0.264	0.307	0.352	5.205	5.895	6.612	0.262	0.289	0.311	0.287
314	15	304	301	313		079/053	trade points an der Stelle?	0.347	0.344	0.358	6.534	6.476	6.710	0.290	0.288	0.295	0.291
314	19	323	338	368		079/053		0.370	0.388	0.425	6.906	7.201	7.799				
314	24	358	390	415		079/053		0.413	0.451	0.482	7.599	8.245	8.760	0.316	0.330	0.339	0.328
314	28	408	439	433		079/053		0.473	0.511	0.503	8.614	9.265	9.137	0.314	0.325	0.323	0.320
315	0	427	386	365	2019-06-25T14:40Z	079/053	humoser Waldboden	0.496	0.447	0.421	9.011	8.163	7.739	0.358	0.342	0.333	0.344
315	6	397	422	416	2019-06-25T14:40Z	079/053	GPS	0.460	0.490	0.483	8.388	8.906	8.781	0.322	0.331	0.329	0.327
315	10	349	403	415	2019-06-25T14:40Z	079/053		0.402	0.467	0.482	7.419	8.511	8.760	0.298	0.320	0.324	0.314
315	15	377	397	410	2019-06-25T14:40Z	079/053		0.436	0.460	0.476	7.981	8.388	8.656				
315	19	415	441	460	2019-06-25T14:40Z	079/053		0.482	0.513	0.536	8.760	9.308	9.717	0.294	0.302	0.307	0.301
315	25	333	401	422	2019-06-25T14:40Z	079/053		0.382	0.465	0.490	7.103	8.470	8.906	0.259	0.286	0.293	0.280
315	30	317	386	368	2019-06-25T14:40Z	079/053		0.363	0.447	0.425	6.788	8.163	7.799	0.254	0.283	0.276	0.271
316	0	358	320	302	2019-06-25T15:00Z	079/053	GPS	0.413	0.367	0.345	7.599	6.847	6.495	0.421	0.397	0.384	0.400
316	7	206	312	306	2019-06-25T15:00Z	079/053	humoser Waldboden	0.228	0.357	0.350	4.657	6.690	6.573	0.225	0.302	0.299	0.275
316	11	193	210	213	2019-06-25T15:00Z	079/053		0.213	0.233	0.237	4.412	4.732	4.788				
316	16	409	322	374	2019-06-25T15:00Z	079/053		0.474	0.369	0.432	8.635	6.886	7.920	0.342	0.304	0.328	0.325
316	21	336	393	361	2019-06-25T15:00Z	079/053	2. Lock wg. Gr. Stein	0.386	0.455	0.416	7.162	8.306	7.659				
316	24	383	405	418	2019-06-25T15:00Z	079/053		0.443	0.470	0.485	8.102	8.552	8.822	0.304	0.312	0.316	0.311
316	30	431	441	442	2019-06-25T15:00Z	079/053		0.501	0.513	0.514	9.095	9.308	9.329	0.319	0.322	0.323	0.321
317	0	325	302	351		079/053	GPS	0.373	0.345	0.404	6.945	6.495	7.459	0.400	0.384	0.416	0.400
317	7	364	366	365		079/053		0.420	0.422	0.421	7.719	7.759	7.739	0.327	0.328	0.328	0.328
317	10	465	383	438		079/053		0.542	0.443	0.510	9.826	8.102	9.244				
317	14	546	523	474		079/053		0.640	0.613	0.553	11.707	11.149	10.025	0.393	0.387	0.372	0.384
317	19	641	546	495		079/053		0.755	0.640	0.579	14.293	11.707	10.497	0.399	0.376	0.362	0.379
317	24	492	451	617		079/053		0.575	0.525	0.726	10.429	9.522	13.589	0.339	0.327	0.369	0.345
317	28	725	741	739		079/053		0.857	0.877	0.874	17.115	17.729	17.651	0.389	0.392	0.391	0.391
318	0	342	315	380		079/053	GPS	0.393	0.361	0.439	7.280	6.749	8.041	0.411	0.393	0.433	0.412
318	7	396	391	413		079/053		0.459	0.453	0.479	8.367	8.265	8.718	0.341	0.339	0.347	0.342
318	10	464	420	636		079/053		0.541	0.488	0.749	9.805	8.864	14.143				
318	15	501	557	576		079/053		0.586	0.654	0.677	10.634	11.981	12.469	0.372	0.388	0.392	0.384
318	20	603	560	672		079/053		0.709	0.657	0.793	13.196	12.057	15.264				
318	25	579	505	539		079/053		0.680	0.591	0.632	12.548	10.727	11.534	0.360	0.342	0.351	0.351
318	29	698	498	672		079/053		0.825	0.582	0.793	16.140	10.565	15.264	0.384	0.339	0.378	0.367
319	0	905	878	874	2019-06-25T16:00Z	079/053	GPS	1.075	1.043	1.038	26.050	24.371	24.134	0.662	0.651	0.649	0.654
319	7	686	808	801	2019-06-25T16:00Z	079/053		0.810	0.958	0.949	15.728	20.631	20.300	0.423	0.450	0.448	0.440
319	11	772	802	844	2019-06-25T16:00Z	079/053		0.914	0.951	1.001	19.001	20.347	22.452				
319	16	618	478	686	2019-06-25T16:00Z	079/053		0.728	0.558	0.810	13.618	10.114	15.728	0.403	0.365	0.419	0.396
319	20	686	457	566	2019-06-25T16:00Z	079/053		0.810	0.533	0.665	15.728	9.652	12.210				
319	25	668	761	684	2019-06-25T16:00Z	079/053		0.788	0.901	0.808	15.135	18.536	15.661	0.379	0.397	0.382	0.386
319	30	645	653	672	2019-06-25T16:00Z	079/053		0.760	0.770	0.793	14.414	14.660	15.264	0.373	0.375	0.378	0.375
320	0	494	432	480		079/053	GPS	0.577	0.502	0.560	10.474	9.116	10.158	0.491	0.461	0.485	0.479
320	5	420	459	498		079/053		0.488	0.535	0.582	8.864	9.695	10.565	0.350	0.363	0.375	0.363
320	13	564	525	497		079/053		0.662	0.615	0.581	12.159	11.196	10.543	0.398	0.387	0.379	0.388
320	16	524	539	551		079/053		0.614	0.632	0.646	11.173	11.534	11.831	0.379	0.383	0.386	0.382
320	19	606	540	565		079/053		0.713	0.633	0.663	13.279	11.559	12.185	0.391	0.375	0.381	0.382
320	22	369	370	357		079/053	sehr	0.426	0.427	0.411	7.819	7.839	7.579				
320	26	387	552	433		079/053	Steine	0.448	0.648	0.503	8.184	11.856	9.137	0.305	0.354	0.321	0.327
320	31	611	540	521		079/053		0.719	0.633	0.610	13.419	11.559	11.101	0.366	0.350	0.345	0.353
321	0	521	395	421		079/053	GPS	0.610	0.457	0.489	11.101	8.347	8.885	0.504	0.442	0.456	0.467
321	6	398	273	255		079/053		0.461	0.310	0.288	8.408	5.933	5.587	0.341	0.278	0.266	0.295
321	10	376	376	365		079/053		0.434	0.434	0.421	7.960	7.960	7.739				
321	16	365	509	481		079/053		0.421	0.596	0.562	7.739	10.819	10.181	0.324	0.374	0.366	0.355
321	20	542	518	581		079/053		0.636	0.606	0.683	11.608	11.030	12.601				
321	24	581	444	467		079/053		0.683	0.517	0.545	12.601	9.372	9.870	0.361	0.325	0.332	0.339
321	28	559	383	353		079/053		0.656	0.443	0.407	12.032	8.102	7.499	0.354	0.302	0.290	0.316
322	0	871	817	864		079/053	GPS	1.034	0.969	1.026	23.959	21.068	23.555	0.564	0.548	0.562	0.558
322	5	773	696	743		079/053		0.915	0.822	0.879	19.044	16.070	17.808	0.465	0.447	0.458	0.457
322	13	566	784	807		079/053	tonig	0.665	0.929	0.957	12.210	19.525	20.584	0.319	0.359	0.362	0.347
322	17	586	591	625		079/053		0.689	0.695	0.736	12.734	12.868	13.820	0.324	0.325	0.331	0.326
322	20	548	708	709		079/053		0.643	0.837	0.838	11.756	16.493	16.528	0.319	0.350	0.350	0.339
322	25	693	676	759		079/053		0.818	0.798	0.898	15.967	15.395	18.453	0.372	0.369	0.384	0.375
322	30	572	494	569		079/053		0.672	0.577	0.668	12.365	10.474	12.288				
323	0	583	498	509		079/053	GPS	0.685	0.582	0.596	12.654	10.565	10.819	0.453	0.425	0.429	0.436
323	7	595	616	641		079/053		0.700	0.725	0.755	12.976	13.561	14.293	0.434	0.440	0.447	0.440
323	10	768	786	770		079/053		0.909	0.931	0.912	18.830	19.614	18.915	0.459	0.463	0.460	0.461
323	15	780	779	751		079/053		0.924	0.923	0.889	19.348	19.304	18.127	0.432	0.432	0.426	0.430
323	20	768	847	645		079/053	sehr tonig	0.909	1.005	0.760	18.830	22.613	14.414	0.429	0.445	0.403	0.426
323	28	818	812	820		079/053		0.970	0.963	0.972	21.117	20.824	21.216	0.409	0.408	0.409	0.409
323	31	791	793	789		079/053		0.937	0.940	0.935	19.839	19.930	19.749				
324	0	701	651	700		079/053	GPS	0.828	0.768	0.827	16.245	14.598	16.209	0.488	0.474	0.488	0.483
324	5	712	676	718		079/053		0.842	0.798	0.849	16.637	15.395	16.855	0.465	0.456	0.467	0.463
324	10	718	667	725		079/053		0.849	0.787	0.857	16.855	15.102	17.115	0.447	0.435	0.449	0.444
324	15	687	723	709		079/053		0.811	0.855	0.838	15.762	17.041	16.528	0.412	0.420	0.417	0.417
324	20	837	866	842		079/053		0.993	1.028	0.999	22.082	23.670	22.345	0.443	0.448	0.444	0.445
324	25	856	893	892		079/053		1.016	1.061	1.060	23.106	25.286	25.223				
324	32	813	888	865		079/053		0.964	1.055	1.027	20.872	24.976	23.612				
325	0	814	821	782		079/053	GPS	0.965	0.974	0.926	20.921	21.266	19.436	0.519	0.521	0.511	0.517
325	7	831	757	777		079/053	Fahrspur	0.986	0.896	0.920	21.771	18.371	19.217	0.495	0.477	0.482	0.484
325	10	835	794	763		079/053		0.991	0.941	0.903	21.978	19.976	18.620	0.474	0.465	0.458	0.466
325	15	827	704	776		079/053		0.981	0.832	0.919	21.567	16.350	19.173	0.441	0.416	0.431	0.429
325	20	673	702	805		079/053		0.794	0.829	0.954	15.297	16.280	20.489	0.409	0.415	0.437	0.420
325	26	867	846	829		079/053		1.029	1.004	0.983	23.727	22.559	21.669	0.418	0.414	0.411	0.414
325	33	879	904	884		079/053	vergleyt	1.044	1.074	1.050	24.430	25.986	24.731				
326	0	759	713	670		079/053	GPS	0.898	0.843	0.791	18.453	16.673	15.199	0.504	0.491	0.479	0.492
326	8	485	488	542		079/053		0.566	0.570	0.636	10.270	10.338	11.608	0.385	0.386	0.402	0.391
326	10	535	606	653		079/053		0.627	0.713	0.770	11.437	13.279	14.660	0.400	0.420	0.432	0.417
326	15	450	552	492		079/053		0.524	0.648	0.575	9.500	11.856	10.429	0.351	0.381	0.364	0.365
326	19	682	666	766		079/053		0.805	0.786	0.907	15.594	15.070	18.745				
326	25	834	698	721		079/053		0.989	0.825	0.852	21.926	16.140	16.966				
326	30	533	845	857		079/053		0.625	1.003	1.017	11.389	22.505	23.161	0.351	0.414	0.416	0.393
327	0	857	854	846		079/053		1.017	1.014	1.004	23.161	22.995	22.559	0.531	0.530	0.528	0.530
327	5	802				079/053		0.951			20.347			0.488			0.488
327	12	765	860	756		079/053		0.906	1.021	0.895	18.703	23.329	18.330	0.458	0.480	0.456	0.465
327	15	737				079/053		0.872			17.573			0.423			0.423
327	20	757	760	739		079/053		0.896	0.900	0.874	18.371	18.495	17.651	0.427	0.428	0.423	0.426
327	27	755	840	810		079/053		0.894	0.997	0.960	18.289	22.239	20.727	0.398	0.413	0.408	0.406
327	32	884	833	856		079/053		1.050	0.988	1.016	24.731	21.874	23.106				
328	0	729	755	756		079/053	GPS	0.862	0.894	0.895	17.266	18.289	18.330	0.496	0.503	0.503	0.501
328	6	629	641	668		079/053		0.741	0.755	0.788	13.936	14.293	15.135	0.443	0.447	0.454	0.448
328	10	662	670	675		079/053		0.781	0.791	0.797	14.943	15.199	15.362	0.434	0.436	0.437	0.436
328	16	763	801	811		079/053		0.903	0.949	0.961	18.620	20.300	20.776	0.428	0.436	0.438	0.434
328	20	818	766	846		079/053		0.970	0.907	1.004	21.117	18.745	22.559	0.439	0.429	0.445	0.438
328	24	778	812	798		079/053		0.921	0.963	0.946	19.260	20.824	20.161	0.431	0.438	0.435	0.435
328	30	800	822	844		079/053		0.948	0.975	1.001	20.254	21.315	22.452	0.406	0.410	0.414	0.410
330	0	626	577	706		079/053	clay	0.737	0.678	0.834	13.849	12.496	16.421	0.531	0.512	0.561	0.535
330	6	739	718	709		079/053	probe defect?	0.874	0.849	0.838	17.651	16.855	16.528	0.547	0.540	0.537	0.542
330	11	647	705	673		079/053		0.763	0.833	0.794	14.475	16.386	15.297	0.477	0.494	0.485	0.485
330	15	473	649	568		079/053		0.552	0.765	0.667	10.003	14.537	12.262	0.404	0.458	0.434	0.432
330	19	719	644	495		079/053		0.850	0.759	0.579	16.892	14.384	10.497				
330	25	436	690	632		079/053		0.507	0.815	0.745	9.201	15.864	14.025				
330	30	766	637	692		079/053		0.907	0.751	0.817	18.745	14.173	15.932	0.546	0.503	0.522	0.524
331	0	816	721	676		079/053	clay	0.967	0.852	0.798	21.019	16.966	15.395	0.602	0.567	0.550	0.573
331	5	683	763	777		079/053		0.806	0.903	0.920	15.627	18.620	19.217	0.528	0.555	0.560	0.548
331	10	603	706	724		079/053		0.709	0.834	0.856	13.196	16.421	17.078	0.464	0.494	0.500	0.486
331	15	630	571	676		079/053		0.742	0.671	0.798	13.966	12.339	15.395	0.452	0.435	0.465	0.451
331	20	678	725	700		079/053		0.800	0.857	0.827	15.461	17.115	16.209	0.484	0.498	0.491	0.491
331	25	717	761	726		079/053		0.848	0.901	0.858	16.819	18.536	17.153				
331	30	769	722	728		079/053		0.911	0.854	0.861	18.872	17.003	17.228	0.547	0.531	0.533	0.537
332	0	632	650	575		079/053		0.745	0.766	0.676	14.025	14.567	12.443	0.533	0.540	0.511	0.528
332	7	668	647	624		079/053		0.788	0.763	0.735	15.135	14.475	13.790	0.523	0.516	0.508	0.515
332	11	646	665	679		079/053		0.762	0.785	0.802	14.445	15.038	15.494	0.477	0.482	0.487	0.482
332	16	587	644	634		079/053		0.690	0.759	0.747	12.761	14.384	14.084	0.440	0.456	0.454	0.450
332	20	670	732	379		079/053		0.791	0.866	0.438	15.199	17.380	8.021	0.482	0.500	0.379	0.454
332	26	643	743	728		079/053		0.758	0.879	0.861	14.354	17.808	17.228				
332	30	710	699	709		079/053		0.839	0.826	0.838	16.564	16.175	16.528	0.528	0.524	0.527	0.526
333	0	704	611	739		079/053		0.832	0.719	0.874	16.350	13.419	17.651	0.560	0.525	0.574	0.553
333	7	686	631	745		079/053		0.810	0.743	0.881	15.728	13.995	17.887	0.529	0.510	0.549	0.530
333	11	585	658	704		079/053		0.688	0.776	0.832	12.707	14.816	16.350	0.458	0.480	0.494	0.477
333	15	652	609	739		079/053		0.769	0.717	0.874	14.629	13.363	17.651	0.459	0.447	0.482	0.462
333	20	680	731	731		079/053		0.803	0.865	0.865	15.527	17.342	17.342	0.485	0.500	0.500	0.495
333	24	569	575	676		079/053		0.668	0.676	0.798	12.288	12.443	15.395	0.451	0.453	0.484	0.463
333	30	734	756	765		079/053		0.868	0.895	0.906	17.457	18.330	18.703	0.535	0.543	0.545	0.541
334	0	857	389			079/053	"""probe has given up the ghost"""	1.017	0.450		23.161	8.224		0.618	0.427		0.522
334	5	668	640	645	2019-06-26T12:20Z	320/060		0.785	0.751	0.757	15.135	14.263	14.414	0.523	0.513	0.515	0.517
334	10	598	611	569	2019-06-26T12:20Z	320/060		0.701	0.716	0.666	13.058	13.419	12.288	0.462	0.466	0.453	0.460
334	15	229	287	201	2019-06-26T12:20Z	320/060		0.256	0.326	0.223	5.091	6.204	4.562	0.274	0.317	0.248	0.280
334	22	712	704	706	2019-06-26T12:20Z	320/060		0.838	0.828	0.831	16.637	16.350	16.421	0.494	0.492	0.493	0.493
334	25	724	705	712	2019-06-26T12:20Z	320/060		0.852	0.829	0.838	17.078	16.386	16.637				
334	30	662	661	643	2019-06-26T12:20Z	320/060		0.778	0.776	0.755	14.943	14.911	14.354	0.512	0.511	0.505	0.509
335	5	910	920	907	2019-06-26T13:05Z	320/060		1.076	1.088	1.073	26.378	27.049	26.181	0.604	0.608	0.603	0.605
335	10	699	876	849	2019-06-26T13:05Z	320/060		0.822	1.035	1.003	16.175	24.252	22.721	0.492	0.542	0.535	0.523
335	15	821	962	917	2019-06-26T13:05Z	320/060		0.969	1.139	1.085	21.266	30.121	26.845	0.503	0.537	0.527	0.522
335	20	925	966	983	2019-06-26T13:05Z	320/060		1.094	1.144	1.164	27.393	30.436	31.824	0.553	0.563	0.568	0.561
335	25	874	978	978	2019-06-26T13:05Z	320/060		1.033	1.158	1.158	24.134	31.408	31.408				
335	30	990	1019	1006	2019-06-26T13:05Z	320/060		1.172	1.207	1.192	32.419	35.036	33.831	0.616	0.625	0.621	0.620
336	5	904	912	831	2019-06-26T12:45Z	320/060		1.069	1.079	0.981	25.986	26.510	21.771	0.602	0.605	0.578	0.595
336	10	955	899	924	2019-06-26T12:45Z	320/060		1.130	1.063	1.093	29.579	25.664	27.324	0.563	0.548	0.555	0.555
336	15	943	961	912	2019-06-26T12:45Z	320/060		1.116	1.138	1.079	28.679	30.043	26.510	0.533	0.537	0.525	0.532
336	20				2019-06-26T12:45Z	320/060											
336	25	1021	1033	1033	2019-06-26T12:45Z	320/060		1.210	1.224	1.224	35.226	36.393	36.393				
336	30	1016	1022	1036	2019-06-26T12:45Z	320/060		1.204	1.211	1.228	34.753	35.321	36.692	0.624	0.625	0.630	0.626
337	5	843	843	846	2019-06-26T12:40Z	320/060		0.996	0.996	0.999	22.399	22.399	22.559	0.582	0.582	0.583	0.583
337	10	962	917	943	2019-06-26T12:40Z	320/060		1.139	1.085	1.116	30.121	26.845	28.679	0.565	0.553	0.560	0.559
337	15	965	960	953	2019-06-26T12:40Z	320/060		1.142	1.136	1.128	30.357	29.965	29.427	0.538	0.537	0.535	0.537
337	20	987	966	992	2019-06-26T12:40Z	320/060		1.169	1.144	1.175	32.162	30.436	32.591	0.569	0.563	0.570	0.567
337	25	986	1004	1010	2019-06-26T12:40Z	320/060		1.168	1.189	1.197	32.077	33.651	34.196				
337	30	1028	1032	1034	2019-06-26T12:40Z	320/060		1.218	1.223	1.225	35.901	36.294	36.492	0.627	0.628	0.629	0.628
338	5	877	911	905	2019-06-26T12:30Z	320/060		1.036	1.077	1.070	24.311	26.444	26.050	0.593	0.605	0.603	0.600
338	10	935	907	924	2019-06-26T12:30Z	320/060		1.106	1.073	1.093	28.098	26.181	27.324	0.558	0.550	0.555	0.554
338	15	882	892	919	2019-06-26T12:30Z	320/060		1.042	1.055	1.087	24.610	25.223	26.981	0.518	0.521	0.527	0.522
338	20	999	993	996	2019-06-26T12:30Z	320/060		1.183	1.176	1.180	33.204	32.678	32.940	0.572	0.570	0.571	0.571
338	25	983	998	964	2019-06-26T12:30Z	320/060		1.164	1.182	1.141	31.824	33.116	30.278				
338	30	1010	1004	1010	2019-06-26T12:30Z	320/060		1.197	1.189	1.197	34.196	33.651	34.196	0.622	0.620	0.622	0.621
339	5	969	940	928	2019-06-26T12:55Z	320/060		1.147	1.112	1.098	30.676	28.459	27.602	0.623	0.614	0.610	0.616
339	10	882	904	955	2019-06-26T12:55Z	320/060		1.042	1.069	1.130	24.610	25.986	29.579	0.544	0.549	0.563	0.552
339	15	956	934	981	2019-06-26T12:55Z	320/060		1.132	1.105	1.162	29.656	28.026	31.657	0.536	0.531	0.542	0.536
339	20	894	967	956	2019-06-26T12:55Z	320/060		1.057	1.145	1.132	25.348	30.516	29.656	0.545	0.564	0.561	0.556
339	25	955	950	976	2019-06-26T12:55Z	320/060		1.130	1.124	1.156	29.579	29.200	31.243				
339	30	1002	1005	1020	2019-06-26T12:55Z	320/060		1.187	1.191	1.209	33.471	33.741	35.131	0.619	0.620	0.625	0.622
340	0	641	645	650	2019-06-26T17:50Z	323/006		0.729	0.733	0.739	14.293	14.414	14.567	0.473	0.474	0.476	0.474
340	5	594	546	639	2019-06-26T17:50Z	323/006		0.674	0.617	0.726	12.949	11.707	14.233	0.374	0.362	0.384	0.373
340	10	708	712	676	2019-06-26T17:50Z	323/006		0.807	0.811	0.769	16.493	16.637	15.395	0.361	0.362	0.355	0.359
340	15	610	634	673	2019-06-26T17:50Z	323/006		0.693	0.720	0.766	13.391	14.084	15.297				
340	20	625	715	599	2019-06-26T17:50Z	323/006	steinig. sandig	0.710	0.815	0.679	13.820	16.746	13.086	0.339	0.355	0.334	0.343
340	27	701	768	770	2019-06-26T17:50Z	323/006		0.799	0.877	0.879	16.245	18.830	18.915	0.360	0.372	0.372	0.368
340	33	794	806	832	2019-06-26T17:50Z	323/006		0.908	0.921	0.952	19.976	20.536	21.822				
341	0	764	751	750	2019-06-26T17:15Z	323/006		0.873	0.857	0.856	18.661	18.127	18.086	0.508	0.505	0.504	0.506
341	5	736	732	718	2019-06-26T17:15Z	323/006		0.840	0.835	0.818	17.534	17.380	16.855	0.404	0.403	0.400	0.402
341	12	728	692	683	2019-06-26T17:15Z	323/006		0.831	0.788	0.777	17.228	15.932	15.627	0.365	0.358	0.357	0.360
341	17	684	612	668	2019-06-26T17:15Z	323/006	körnig mit einigen kleiner Steine	0.779	0.694	0.760	15.661	13.447	15.135				
341	23	808	812	824	2019-06-26T17:15Z	323/006		0.924	0.928	0.942	20.631	20.824	21.416	0.378	0.379	0.381	0.379
341	27	801	783	812	2019-06-26T17:15Z	323/006		0.916	0.894	0.928	20.300	19.480	20.824	0.377	0.374	0.379	0.377
341	31	832	849	850	2019-06-26T17:15Z	323/006		0.952	0.972	0.973	21.822	22.721	22.776	0.396	0.399	0.399	0.398
342	0	763	742	746	2019-06-26T16:55Z	323/006		0.872	0.846	0.851	18.620	17.768	17.926	0.508	0.502	0.503	0.505
342	5	716	723	725	2019-06-26T16:55Z	323/006		0.817	0.824	0.827	16.782	17.041	17.115	0.400	0.401	0.402	0.401
342	11	768	768	763	2019-06-26T16:55Z	323/006		0.877	0.877	0.871	18.830	18.830	18.620	0.372	0.372	0.371	0.371
342	15	714	687	732	2019-06-26T16:55Z	323/006		0.814	0.782	0.835	16.709	15.762	17.380				
342	20	804	836	827	2019-06-26T16:55Z	323/006		0.920	0.956	0.946	20.441	22.030	21.567	0.370	0.375	0.374	0.373
342	27	894	892	865	2019-06-26T16:55Z	323/006	Stein	1.025	1.022	0.990	25.348	25.223	23.612	0.391	0.391	0.387	0.390
342	33	888	854	814	2019-06-26T16:55Z	323/006		1.018	0.977	0.931	24.976	22.995	20.921				
343	0	761	731	783	2019-06-26T16:40Z	323/006		0.869	0.834	0.894	18.536	17.342	19.480	0.508	0.499	0.514	0.507
343	5	734	742	764	2019-06-26T16:40Z	323/006		0.838	0.846	0.872	17.457	17.768	18.661	0.403	0.405	0.409	0.406
343	10	771	764	783	2019-06-26T16:40Z	323/006		0.881	0.872	0.894	18.958	18.661	19.480	0.372	0.371	0.374	0.372
343	15	704	696	736	2019-06-26T16:40Z	323/006		0.803	0.793	0.839	16.350	16.070	17.534				
343	21	803	802	758	2019-06-26T16:40Z	323/006		0.918	0.917	0.865	20.394	20.347	18.412	0.370	0.370	0.362	0.367
343	25	867	867	857	2019-06-26T16:40Z	323/006		0.993	0.993	0.981	23.727	23.727	23.161	0.387	0.387	0.386	0.387
343	33	870	845	892	2019-06-26T16:40Z	323/006		0.997	0.967	1.022	23.900	22.505	25.223				
344	0	906	873	855	2019-06-26T17:35Z	323/006		1.039	1.000	0.979	26.116	24.075	23.050	0.547	0.538	0.533	0.539
344	5	854	838	833	2019-06-26T17:35Z	323/006		0.978	0.959	0.953	22.995	22.134	21.874	0.426	0.423	0.422	0.424
344	10	728	753	838	2019-06-26T17:35Z	323/006		0.831	0.859	0.959	17.228	18.208	22.134	0.365	0.369	0.383	0.372
344	16	812	787	858	2019-06-26T17:35Z	323/006		0.929	0.899	0.982	20.824	19.659	23.217				
344	21	896	862	905	2019-06-26T17:35Z	323/006		1.027	0.987	1.037	25.474	23.442	26.050	0.384	0.379	0.385	0.383
344	26	888	921	918	2019-06-26T17:35Z	323/006	kleine Steine	1.018	1.056	1.052	24.976	27.117	26.913	0.391	0.395	0.395	0.394
344	32	849	900	912	2019-06-26T17:35Z	323/006		0.972	1.031	1.045	22.721	25.728	26.510	0.399	0.407	0.409	0.405
345	5	581	533	541		320/060		0.680	0.622	0.632	12.601	11.389	11.583	0.449	0.433	0.436	0.439
345	10	579	620	674		320/060		0.678	0.727	0.792	12.548	13.675	15.329	0.408	0.418	0.432	0.419
345	15	565	648	571		320/060		0.661	0.761	0.668	12.185	14.506	12.339	0.371	0.390	0.372	0.378
345	20	483	481	657		320/060		0.562	0.560	0.772	10.226	10.181	14.785	0.339	0.338	0.380	0.353
345	25	558	492	554		320/060		0.652	0.573	0.648	12.007	10.429	11.906	0.340	0.324	0.339	0.334
345	30	474	586	543		320/060		0.551	0.686	0.634	10.025	12.734	11.633	0.311	0.338	0.328	0.326
346	5	606	482	535		320/060		0.710	0.561	0.625	13.279	10.203	11.437	0.456	0.416	0.434	0.435
346	10	495	450	476		320/060		0.577	0.522	0.554	10.497	9.500	10.069	0.384	0.369	0.378	0.377
346	15	600	511	529		320/060		0.703	0.596	0.618	13.113	10.866	11.292	0.379	0.357	0.362	0.366
346	20	412	468	521		320/060		0.477	0.544	0.608	8.697	9.892	11.101	0.317	0.335	0.349	0.334
346	25	653	649	703		320/060		0.767	0.762	0.827	14.660	14.537	16.315	0.360	0.359	0.369	0.363
346	30	531	584	612		320/060		0.620	0.684	0.717	11.340	12.681	13.447	0.326	0.337	0.343	0.335
347	5	552	559	602		320/060		0.645	0.654	0.705	11.856	12.032	13.168	0.440	0.442	0.455	0.446
347	10	421	489	477		320/060		0.488	0.569	0.555	8.885	10.361	10.091	0.359	0.382	0.378	0.373
347	15	483	555	573		320/060		0.562	0.649	0.671	10.226	11.931	12.391	0.349	0.369	0.373	0.364
347	20	494	450	513		320/060		0.575	0.522	0.598	10.474	9.500	10.913	0.342	0.329	0.347	0.340
347	25	627	578	597		320/060		0.736	0.677	0.699	13.878	12.522	13.031	0.355	0.344	0.348	0.349
347	30	390	315	512		320/060		0.450	0.360	0.597	8.245	6.749	10.889	0.285	0.253	0.321	0.286
348	5	432	507	521		320/060		0.501	0.591	0.608	9.116	10.773	11.101	0.397	0.425	0.429	0.417
348	10	589	488	596		320/060		0.690	0.568	0.698	12.814	10.338	13.004	0.410	0.382	0.412	0.401
348	15	731	630	604		320/060		0.861	0.739	0.708	17.342	13.966	13.224	0.407	0.386	0.380	0.391
348	20	550	643	702		320/060		0.643	0.755	0.826	11.806	14.354	16.280	0.356	0.377	0.389	0.374
348	25	648	628	645		320/060		0.761	0.737	0.757	14.506	13.907	14.414	0.359	0.355	0.358	0.357
348	30	740	692	772		320/060		0.872	0.814	0.910	17.690	15.932	19.001	0.367	0.359	0.372	0.366
349	5	870	904	868		320/060		1.028	1.069	1.026	23.900	25.986	23.785	0.530	0.539	0.529	0.533
349	10	875	846	863		320/060		1.034	0.999	1.020	24.193	22.559	23.499	0.477	0.470	0.474	0.474
349	15	807	805	847		320/060		0.952	0.950	1.000	20.584	20.489	22.613	0.422	0.422	0.429	0.424
349	20	774	867	893		320/060		0.912	1.024	1.056	19.087	23.727	25.286	0.403	0.419	0.424	0.415
349	25	839	805	738		320/060		0.991	0.950	0.869	22.187	20.489	17.612	0.393	0.387	0.376	0.385
349	30	676	722	743		320/060		0.795	0.850	0.875	15.395	17.003	17.808	0.356	0.364	0.368	0.362
350	0	433	454	403		323/014		0.502	0.520	0.459	9.137	9.587	8.511	0.449	0.459	0.434	0.448
350	7	387	439	418		323/014		0.447	0.502	0.477	8.184	9.265	8.822	0.411	0.435	0.426	0.424
350	10	538	535	508		323/014	humoser waldboden	0.629	0.616	0.584	11.510	11.437	10.796	0.443	0.442	0.432	0.439
350	15	618	587	562		323/014		0.726	0.678	0.648	13.618	12.761	12.108	0.449	0.440	0.433	0.441
350	18	505	411	448		323/014		0.589	0.469	0.512	10.727	8.677	9.457	0.415	0.380	0.395	0.396
350	25	571	574	522		323/014		0.669	0.663	0.600	12.339	12.417	11.125				
350	30	606	662	661		323/014		0.711	0.768	0.766	13.279	14.943	14.911	0.493	0.512	0.511	0.505
351	0	324	324	346		323/014	humoser waldboden	0.371	0.365	0.391	6.925	6.925	7.360	0.389	0.389	0.403	0.394
351	6	441	531	516		323/014		0.512	0.612	0.593	9.308	11.340	10.983	0.436	0.473	0.468	0.459
351	10	478	429	475		323/014		0.557	0.490	0.545	10.114	9.053	10.047	0.422	0.402	0.420	0.415
351	15	492	435	472		323/014		0.574	0.497	0.541	10.429	9.180	9.981	0.410	0.390	0.403	0.401
351	20	522	542	508		323/014		0.610	0.625	0.584	11.125	11.608	10.796	0.436	0.442	0.431	0.436
351	25	495	501	526		323/014		0.577	0.576	0.605	10.497	10.634	11.220				
351	30					323/014	rocks										
352	0	521	486	432		323/014		0.609	0.558	0.493	11.101	10.293	9.116	0.433	0.420	0.400	0.418
352	7	421	421	547		323/014		0.488	0.481	0.630	8.885	8.885	11.731	0.392	0.392	0.438	0.408
352	10	440	550	500		323/014		0.511	0.634	0.574	9.286	11.806	10.611	0.366	0.400	0.385	0.384
352	15	576	574	544		323/014		0.675	0.663	0.627	12.469	12.417	11.657	0.374	0.373	0.366	0.371
352	20	594	598	641		323/014		0.697	0.691	0.742	12.949	13.058	14.293	0.367	0.368	0.377	0.370
352	25	580	588	583		323/014		0.680	0.679	0.673	12.575	12.787	12.654	0.345	0.347	0.345	0.346
352	30	720	650	670		323/014		0.849	0.753	0.776	16.929	14.567	15.199	0.364	0.351	0.354	0.356
353	0	920	911	852		323/014		1.090	1.064	0.993	27.049	26.444	22.885	0.668	0.664	0.640	0.658
353	6	710	759	851		323/014		0.837	0.883	0.992	16.564	18.453	22.830	0.429	0.439	0.459	0.442
353	10	828	821	839		323/014		0.979	0.957	0.977	21.618	21.266	22.187				
353	15	873	823	859		323/014		1.033	0.959	1.001	24.075	21.365	23.273	0.458	0.448	0.455	0.454
353	20	606	723	704		323/014		0.711	0.840	0.817	13.279	17.041	16.350				
353	25	492	695	610		323/014		0.574	0.807	0.705	10.429	16.036	13.391	0.339	0.385	0.367	0.363
353	31	693	499	472		323/014		0.816	0.574	0.541	15.967	10.588	9.981	0.383	0.339	0.332	0.351
354	0	700	675	631		323/014	humos tonig	0.825	0.783	0.730	16.209	15.362	13.995	0.579	0.568	0.550	0.566
354	5	496	577	566		323/014		0.578	0.666	0.653	10.520	12.496	12.210	0.375	0.397	0.394	0.389
354	10	577	636	674		323/014		0.676	0.737	0.781	12.496	14.143	15.329				
354	15	628	676	683		323/014		0.738	0.784	0.792	13.907	15.395	15.627	0.405	0.416	0.418	0.413
354	20	631	614	602		323/014		0.741	0.710	0.696	13.995	13.504	13.168				
354	24	504	641	632		323/014		0.588	0.743	0.731	10.703	14.293	14.025	0.342	0.374	0.372	0.362
354	30	736	686	672		323/014		0.868	0.796	0.779	17.534	15.728	15.264	0.391	0.381	0.378	0.383
355	0	660	619	587		323/014		0.776	0.716	0.678	14.879	13.646	12.761	0.424	0.414	0.406	0.415
355	5	602	594	567		323/014		0.706	0.687	0.654	13.168	12.949	12.236				
355	9	657	691	709		323/014		0.773	0.802	0.823	14.785	15.898	16.528	0.393	0.400	0.404	0.399
355	14	661	667	703		323/014		0.778	0.774	0.816	14.911	15.102	16.315	0.384	0.385	0.392	0.387
355	20	648	721	715		323/014		0.762	0.838	0.830	14.506	16.966	16.746	0.350	0.364	0.363	0.359
355	24	759	722	766		323/014		0.896	0.839	0.891	18.453	17.003	18.745	0.367	0.361	0.368	0.365
355	30	742	808	773		323/014		0.875	0.941	0.899	17.768	20.631	19.044	0.367	0.378	0.372	0.372
356	0	618	594	584		323/014		0.726	0.687	0.674	13.618	12.949	12.681	0.545	0.535	0.531	0.537
356	5	789	799	812		323/014		0.932	0.931	0.945	19.749	20.207	20.824	0.614	0.618	0.624	0.619
356	10	836	863	900		323/014		0.989	1.007	1.050	22.030	23.499	25.728	0.605	0.615	0.628	0.616
356	15	800	880	911		323/014		0.945	1.027	1.063	20.254	24.490	26.444	0.608	0.639	0.651	0.632
356	20	979	993	1016		323/014		1.161	1.162	1.188	31.491	32.678	34.753	0.661	0.666	0.674	0.667
356	27	1078	1072	1075		323/014		1.281	1.256	1.258	41.212	40.527	40.868	0.740	0.737	0.739	0.739
356	30	1094	1095	1085		323/014		1.300	1.283	1.270	43.109	43.231	42.030	0.785	0.785	0.781	0.783
357	0	867	847	864		323/014		1.026	0.988	1.007	23.727	22.613	23.555	0.647	0.639	0.646	0.644
357	5	953	944	950		323/014		1.130	1.103	1.109	29.427	28.752	29.200	0.681	0.678	0.680	0.680
357	10	984	1000	998		323/014		1.167	1.170	1.166	31.908	33.293	33.116	0.659	0.664	0.663	0.662
357	17	1011	1006	1022		323/014		1.200	1.177	1.195	34.288	33.831	35.321	0.689	0.687	0.693	0.690
357	20	1041	1004	1033		323/014		1.236	1.175	1.208	37.197	33.651	36.393	0.683	0.670	0.680	0.678
357	25	1053	1054	1050		323/014		1.251	1.234	1.228	38.445	38.552	38.129	0.730	0.730	0.728	0.729
357	31	1094	1093	1089		323/014		1.300	1.281	1.275	43.109	42.987	42.505	0.785	0.784	0.782	0.784
358	0	901	894	894		323/014		1.067	1.044	1.043	25.792	25.348	25.348	0.661	0.658	0.658	0.659
358	5	965	922	919		323/014		1.145	1.077	1.072	30.357	27.186	26.981	0.686	0.669	0.667	0.674
358	10	952	998	988		323/014		1.129	1.167	1.154	29.351	33.116	32.248	0.647	0.663	0.660	0.657
358	15	1004	975	1053		323/014		1.192	1.140	1.232	33.651	31.161	38.445	0.686	0.675	0.705	0.689
358	20	1073	1080	1072		323/014		1.275	1.265	1.254	40.640	41.444	40.527	0.694	0.697	0.694	0.695
358	26	1097	1096	1101		323/014		1.304	1.284	1.289	43.476	43.353	43.971	0.747	0.747	0.749	0.748
358	32	1108	1115	1116		323/014		1.317	1.307	1.307	44.854	45.758	45.889	0.791	0.794	0.794	0.793
359	0	697	674	706		323/014		0.821	0.782	0.819	16.105	15.329	16.421	0.578	0.568	0.581	0.576
359	7	911	875	902		323/014		1.079	1.021	1.052	26.444	24.193	25.856	0.664	0.649	0.660	0.658
359	10	958	962	958		323/014		1.136	1.125	1.119	29.810	30.121	29.810	0.649	0.651	0.649	0.650
359	14	1003	936	1003		323/014		1.190	1.094	1.172	33.561	28.170	33.561	0.686	0.660	0.686	0.677
359	20	1057	1077	1069		323/014		1.256	1.261	1.251	38.873	41.097	40.189	0.689	0.696	0.693	0.692
359	25	1082	1101	1104		323/014		1.286	1.290	1.292	41.677	43.971	44.347	0.741	0.749	0.750	0.747
359	35	1092	1117	1118		323/014		1.298	1.309	1.309	42.866	46.020	46.152				
360	0	681	677	728		323/014		0.802	0.785	0.845	15.561	15.428	17.228	0.571	0.570	0.590	0.577
360	6	875	862	900		323/014		1.036	1.006	1.050	24.193	23.442	25.728	0.649	0.644	0.660	0.651
360	10	948	927	981		323/014		1.124	1.083	1.146	29.050	27.532	31.657	0.646	0.638	0.657	0.647
360	16	1024	1014	1028		323/014		1.216	1.186	1.202	35.513	34.566	35.901	0.694	0.690	0.695	0.693
360	24	1037	1069	1069		323/014		1.231	1.252	1.251	36.792	40.189	40.189	0.723	0.736	0.736	0.732
360	30	1093	1088	1091		323/014		1.299	1.275	1.277	42.987	42.386	42.746	0.784	0.782	0.783	0.783
401	0	524	463	431		114/035		0.634	0.559	0.519	11.173	9.783	9.095	0.475	0.449	0.435	0.453
401	5	571	615	596		114/035	Sonde 5	0.692	0.746	0.723	12.339	13.532	13.004	0.423	0.435	0.430	0.429
401	10	688	714	732		114/035		0.836	0.868	0.891	15.796	16.709	17.380	0.413	0.419	0.423	0.418
401	20	584	852	849		114/035		0.708	1.039	1.035	12.681	22.885	22.721	0.386	0.443	0.442	0.424
401	25	902	927	948		114/035		1.100	1.131	1.157	25.856	27.532	29.050	0.495	0.500	0.505	0.500
401	30	937	933	963		114/035		1.143	1.138	1.175	28.242	27.955	30.199				
402	0	606	523	566		114/035		0.735	0.633	0.686	13.279	11.149	12.210	0.506	0.474	0.491	0.490
402	5	627	625	613		114/035		0.761	0.759	0.744	13.878	13.820	13.476	0.438	0.438	0.434	0.437
402	10	850	888	686		114/035		1.036	1.083	0.834	22.776	24.976	15.728	0.447	0.454	0.413	0.438
402	15	782	808	795		114/035		0.952	0.984	0.968	19.436	20.631	20.022	0.424	0.429	0.427	0.427
402	20	821	851	915		114/035		1.000	1.037	1.116	21.266	22.830	26.711	0.437	0.443	0.455	0.445
402	25	810	913	913		114/035		0.987	1.114	1.114	20.727	26.577	26.577	0.474	0.497	0.497	0.490
402	30	884	922	827		114/035		1.078	1.125	1.008	24.731	27.186	21.567				
403	0	613	466	519		114/035		0.744	0.563	0.628	13.476	9.848	11.054	0.508	0.451	0.473	0.477
403	5	643	639	689		114/035		0.781	0.776	0.838	14.354	14.233	15.830	0.442	0.441	0.454	0.446
403	10	423	415	596		114/035		0.510	0.500	0.723	8.927	8.760	13.004	0.342	0.339	0.392	0.358
403	15	617	594	556		114/035		0.749	0.720	0.674	13.589	12.949	11.956	0.389	0.384	0.375	0.383
403	20	723	736	849		114/035		0.879	0.895	1.035	17.041	17.534	22.721	0.417	0.420	0.442	0.427
403	25	661	850	883		114/035		0.803	1.036	1.077	14.911	22.776	24.671	0.439	0.483	0.491	0.471
403	30	923	958	851		114/035		1.126	1.169	1.037	27.255	29.810	22.830				
404	0	161	98	89		114/035		0.187	0.109	0.098	3.819	2.690	2.535	0.236	0.140	0.123	0.166
404	5	318	371	328		114/035		0.380	0.445	0.392	6.808	7.860	7.004	0.326	0.352	0.331	0.337
404	10	335	480	443		114/035		0.401	0.580	0.534	7.142	10.158	9.350	0.306	0.361	0.349	0.338
404	15	731	607	643		114/035		0.889	0.736	0.781	17.342	13.307	14.354	0.414	0.387	0.395	0.399
404	20	790	816	859		114/035		0.962	0.994	1.047	19.794	21.019	23.273	0.431	0.436	0.444	0.437
404	25	942	920	902		114/035		1.149	1.122	1.100	28.605	27.049	25.856	0.504	0.499	0.495	0.499
404	30	909	935	930		114/035		1.109	1.141	1.135	26.312	28.098	27.743				
405	0	657	597	630		114/035		0.798	0.724	0.765	14.785	13.031	13.966	0.524	0.502	0.515	0.514
405	5	628	983	580		114/035		0.762	1.200	0.703	13.907	31.824	12.575	0.438	0.523	0.425	0.462
405	10	591	654	628		114/035		0.717	0.794	0.762	12.868	14.691	13.907	0.391	0.405	0.399	0.399
405	15	322	715	558		114/035		0.385	0.870	0.676	6.886	16.746	12.007	0.294	0.411	0.375	0.360
405	20	710	648	529		114/035		0.863	0.787	0.640	16.564	14.506	11.292	0.415	0.401	0.372	0.396
405	25	932	852	956		114/035		1.137	1.039	1.167	27.884	22.885	29.656	0.501	0.484	0.507	0.497
405	30	962	991	966		114/035		1.174	1.210	1.179	30.121	32.505	30.436				
406	0	875	856	682		97/084		1.039	1.016	0.805	24.193	23.106	15.594	0.600	0.593	0.533	0.575
406	5	835	614	672		97/084		0.991	0.723	0.793	21.978	13.504	15.264	0.490	0.435	0.450	0.458
406	10	748	700	709		97/084		0.885	0.827	0.838	18.006	16.209	16.528	0.426	0.416	0.418	0.420
406	15	604	673	627		97/084		0.711	0.794	0.739	13.224	15.297	13.878	0.386	0.402	0.392	0.393
406	20	739	681	678		97/084		0.874	0.804	0.800	17.651	15.561	15.461	0.421	0.408	0.408	0.412
406	25	760	745	740		97/084		0.900	0.881	0.875	18.495	17.887	17.690	0.463	0.459	0.458	0.460
406	30	728	718	692		97/084		0.861	0.849	0.817	17.228	16.855	15.932				
407	0	802	532	636		97/084		0.951	0.623	0.749	20.347	11.364	14.143	0.450	0.386	0.413	0.416
407	5	779	755	745		97/084		0.923	0.894	0.881	19.304	18.289	17.887	0.440	0.435	0.433	0.436
407	10	785	778	765		97/084		0.930	0.921	0.906	19.569	19.260	18.703	0.410	0.409	0.407	0.409
407	15	812	806	798		97/084		0.963	0.955	0.946	20.824	20.536	20.161	0.461	0.460	0.458	0.459
407	20	788	785	743		97/084		0.934	0.930	0.879	19.704	19.569	17.808	0.448	0.447	0.438	0.444
407	25	858	761	814		97/084		1.018	0.901	0.965	23.217	18.536	20.921	0.434	0.416	0.426	0.425
407	30	772	807	726		97/084		0.914	0.957	0.858	19.001	20.584	17.153				
408	0	871	799	837		97/084	Sonde 7	1.034	0.947	0.993	23.959	20.207	22.082	0.464	0.450	0.457	0.457
408	5	790	743	786		97/084		0.936	0.879	0.931	19.794	17.808	19.614	0.443	0.433	0.442	0.439
408	10	710	699	732		97/084		0.839	0.826	0.866	16.564	16.175	17.380	0.396	0.394	0.400	0.397
408	15	819	822	722		97/084		0.971	0.975	0.854	21.166	21.315	17.003	0.462	0.463	0.441	0.455
408	20	847	640	608		97/084		1.005	0.754	0.716	22.613	14.263	13.335	0.460	0.414	0.406	0.427
408	25	866	640	644		97/084		1.028	0.754	0.759	23.670	14.263	14.384	0.435	0.390	0.391	0.406
408	30	640	832	633		97/084		0.754	0.987	0.746	14.263	21.822	14.054				
409	0	773	718	681		97/084		0.915	0.849	0.804	19.044	16.855	15.561	0.444	0.432	0.423	0.433
409	5	703	641	660		97/084		0.831	0.755	0.779	16.315	14.293	14.879	0.424	0.410	0.414	0.416
409	10	773	763	701		97/084		0.915	0.903	0.828	19.044	18.620	16.245	0.408	0.406	0.394	0.403
409	15	723	752	728		97/084		0.855	0.890	0.861	17.041	18.167	17.228	0.441	0.448	0.442	0.444
409	20	761	718	713		97/084		0.901	0.849	0.843	18.536	16.855	16.673	0.442	0.432	0.431	0.435
409	25	874	663	671		97/084		1.038	0.782	0.792	24.134	14.975	15.232	0.437	0.395	0.397	0.410
409	30	661	741	846		97/084		0.780	0.877	1.004	14.911	17.729	22.559				
410	0	667	714	700		97/084		0.787	0.844	0.827	15.102	16.709	16.209	0.420	0.431	0.428	0.426
410	5	880	787	902		97/084		1.045	0.932	1.072	24.490	19.659	25.856	0.461	0.442	0.465	0.456
410	10	780	639	832		97/084		0.924	0.753	0.987	19.348	14.233	21.822	0.409	0.381	0.419	0.403
410	15	611	853	649		97/084		0.719	1.012	0.765	13.419	22.940	14.537	0.414	0.470	0.424	0.436
410	20	638	648	555		97/084		0.752	0.764	0.651	14.203	14.506	11.931	0.414	0.416	0.393	0.408
410	25	593	617	663		97/084		0.697	0.726	0.782	12.922	13.589	14.975	0.380	0.385	0.395	0.387
410	30	728	668	732		97/084		0.861	0.788	0.866	17.228	15.135	17.380				
